flight/DC8/seac4rs-dc8hskping_dc8_20130802_rb.ict
67,1001
Project Office
NSERC - National Suborbital Education and Research Center
DC-8 Data Acquisition and Distribution
SEAC4RS 2013 - Studies of Emissions and Atmospheric Composition, Clouds and Climate Coupling by Regional Surveys
1,1
2013,08,02,2013,08,07
1
Start_UTC,seconds
34
1,1,1,1,1,1,1,1,1,1,1,1,1,1,1,1,1,1,1,1,1,1,1,1,1,1,1,1,1,1,1,1,1,1
-9999,-9999,-9999,-9999,-9999,-9999,-9999,-9999,-9999,-9999,-9999,-9999,-9999,-9999,-9999,-9999,-9999,-9999,-9999,-9999,-9999,-9999,-9999,-9999,-9999,-9999,-9999,-9999,-9999,-9999,-9999,-9999,-9999,-9999
Latitude, deg
Longitude, deg
GPS_Altitude, m
Pressure_Altitude, feet
Radar_Altitude, feet
Ground_Speed, m/s
True_Air_Speed, m/s
Indicated_Air_Speed, kts
Mach_Number, mach
Vertical_Speed, m/s
True_Heading, deg (0-360)
Track_Angle, deg (0-360)
Drift_Angle, deg
Pitch_Angle, deg (+-180)
Roll_Angle, deg (+-180)
Static_Air_Temp, Celsius
Static_Air_Temp_Experimenter, Celsius, Calculated from Rosemount 102E4AL TAT Sensor
Dew_Point_3-Stage, Celsius, Edgetech 3-Stage Hygrometer
TAT_Aircraft, Celsius
TAT_Experimenter, Celsius, Rosemount 102E4AL TAT Sensor
IR_Surf_Temp, Celsius
Static_Pressure, mb
Cabin_Pressure, mb
Wind_Speed, m/s
Wind_Direction, deg (0-360)
Solar_Zenith_Angle, deg
Aircraft_Sun_Elevation, deg
Sun_Azimuth, deg
Aircraft_Sun_Azimuth, deg
Mixing_Ratio, g/kg, From Edgetech 3-Stage Hygrometer
Part_Press_Water_Vapor, mb, From Edgetech 3-Stage Hygrometer
Sat_Vapor_Press_H2O, mb
Sat_Vapor_Press_Ice, mb
Relative_Humidity_H2O, Percent, From Edgetech 3-Stage Hygrometer
1
Preliminary Data
18
PI_CONTACT_INFO: http://www.nserc.und.edu/about/contact.html
Platform: NASA DC-8
LOCATION: Included in data records
ASSOCIATED_DATA: N/A
INSTRUMENT_INFO:http://www.nserc.und.edu/PDFs/ExperimenterHandbook.pdf
DATA_INFO: http://www.nserc.und.edu/PDFs/ExperimenterHandbook.pdf
UNCERTAINTY: NA
ULOD_FLAG: -7777
ULOD_VALUE: N/A
LLOD_FLAG: -8888
LLOD_VALUE: N/A;
DM_CONTACT_INFO: Eric Buzay
PROJECT_INFO: N/A
STIPULATIONS_ON_USE: N/A
OTHER_COMMENTS: N/A
REVISION: Rb
Rb: This is Preliminary Data.
Start_UTC,Latitude,Longitude,GPS_Altitude,Pressure_Altitude,Radar_Altitude,Ground_Speed,True_Air_Speed,Indicated_Air_Speed,Mach_Number,Vertical_Speed,True_Heading,Track_Angle,Drift_Angle,Pitch_Angle,Roll_Angle,Static_Air_Temp,Static_Air_Temp_Experimenter,Dew_Point_3-Stage,TAT_Aircraft,TAT_Experimenter,IR_Surf_Temp,Static_Pressure,Cabin_Pressure,Wind_Speed,Wind_Direction,Solar_Zenith_Angle,Aircraft_Sun_Elevation,Sun_Azimuth,Aircraft_Sun_Azimuth,Mixing_Ratio,Part_Press_Water_Vapor,Sat_Vapor_Press_H2O,Sat_Vapor_Press_Ice,Relative_Humidity_H2O
[from data line 5953]
85526,31.2885222,-120.5823134,746.55,2428,2550,126.296,129.286,239.125,0.376875,-0,40.9955,43.0225,1.97754,2.52136,-0.494385,19.5,21.129,-9.70947,27.75,29.4885,13.9746,927.447,1027.49,5.65888,350.162,50.5193,43.8312,-92.5435,-131.007,1.97987,2.94277,22.7475,27.4797,12.9367
85527,31.2891879,-120.5815895,746.54,2427,2552,126.232,129.286,239.125,0.376875,-0,41.001,43.0225,2.02698,2.53784,-0.521851,19.5,21.1373,-9.66553,27.75,29.4971,14.043,927.481,1027.53,5.65888,349.81,50.5237,43.9172,-92.5414,-131.173,1.98669,2.95298,22.7475,27.4797,12.9816
85528,31.2900199,-120.5806851,746.49,2428,2553,126.167,129.19,238.938,0.376625,-0,40.9955,43.0225,2.02148,2.53784,-0.560303,19.5,21.1647,-9.62158,27.75,29.5142,13.9844,927.447,1027.49,5.65888,349.81,50.528,44.0101,-92.5393,-131.237,1.99368,2.96323,22.7475,27.4797,13.0266
85529,31.2908517,-120.5797805,746.51,2427,2550.5,126.167,129.093,238.812,0.376375,-0,41.0449,43.017,2.02148,2.52686,-0.582275,19.5,21.1422,-9.51172,27.75,29.48,14.0381,927.481,1027.61,5.65888,349.81,50.5324,44.071,-92.5372,-131.384,2.01099,2.98898,22.7475,27.4797,13.1398
85530,31.2916834,-120.5788765,746.53,2428,2549,126.103,129.093,238.75,0.376375,-0,41.0724,43.017,1.97205,2.51038,-0.565796,19.5,21.1838,-9.37988,27.75,29.5227,13.9844,927.447,1027.61,5.65888,349.81,50.5368,44.0476,-92.5351,-131.323,2.0321,3.02014,22.7475,27.4797,13.2768
85531,31.2925151,-120.5779727,746.56,2427,2551.5,126.103,129.061,238.688,0.37625,-0,41.0834,43.0005,1.9281,2.51038,-0.521851,19.5,21.0977,-9.37256,27.75,29.4287,14.0576,927.481,1027.53,5.65888,349.81,50.5411,44.0617,-92.533,-131.286,2.0332,3.02188,22.7475,27.4797,13.2845
85532,31.2935129,-120.5768887,746.55,2428,2551.5,126.103,129.093,238.688,0.376375,0,41.0724,43.0225,1.93909,2.52686,-0.477905,19.5,21.2004,-9.31396,27.75,29.5398,13.9746,927.447,1027.44,5.65888,349.459,50.5455,44.0004,-92.5309,-131.279,2.04269,3.03583,22.7475,27.4797,13.3458
85533,31.2943442,-120.5759853,746.56,2427,2550.5,125.974,128.997,238.562,0.376,0,41.0614,42.995,1.92261,2.54333,-0.494385,19.5,21.1417,-9.18945,27.75,29.4629,13.7793,927.481,1027.53,5.65888,349.459,50.5499,44.0786,-92.5288,-131.133,2.06276,3.06567,22.7475,27.4797,13.477
85534,31.2950092,-120.5752626,746.59,2428,2551.5,126.039,128.997,238.562,0.376,0,41.0559,42.9895,1.96106,2.53784,-0.521851,19.5,21.2664,-9.13818,27.75,29.5911,13.7891,927.447,1027.53,5.65888,349.459,50.5542,44.0194,-92.5267,-131.061,2.07118,3.07803,22.7475,27.4797,13.5313
85535,31.2958401,-120.5743593,746.68,2428,2554,126.039,129.061,238.688,0.37625,0,41.0559,42.9895,1.96106,2.51587,-0.521851,19.5,21.2224,-9.09424,27.75,29.5569,13.8721,927.447,1027.53,5.65888,349.459,50.5586,43.9961,-92.5246,-131.094,2.07836,3.08866,22.7475,27.4797,13.5781
85536,31.2966708,-120.5734566,746.75,2428,2552.5,125.91,129.029,238.625,0.376125,0,41.1108,42.995,1.93359,2.51038,-0.505371,19.5,21.128,-9.05029,27.75,29.4543,13.9062,927.447,1027.61,5.65888,349.459,50.563,43.9293,-92.5225,-131.14,2.08556,3.09933,22.7475,27.4797,13.6249
85537,31.2975015,-120.5725544,746.82,2428,2551,125.846,129.029,238.562,0.376125,0,41.0779,43.0115,1.90063,2.49939,-0.516357,19.5,21.1447,-8.99902,27.75,29.4714,13.9844,927.447,1027.24,5.65888,349.81,50.5673,44.0231,-92.5204,-131.103,2.09399,3.11181,22.7475,27.4797,13.6798
85538,31.2983320,-120.5716523,746.89,2428,2552,125.91,128.997,238.562,0.376,0,41.0834,43.017,1.93909,2.50488,-0.521851,19.5,21.1584,-8.95508,27.75,29.48,13.9844,927.447,1027.4,5.65888,349.81,50.5717,44.0526,-92.5182,-131.18,2.10123,3.12254,22.7475,27.4797,13.727
85539,31.2989963,-120.5709310,746.95,2429,2551.5,125.846,128.997,238.438,0.376,0,41.0944,42.995,1.91162,2.4884,-0.499878,19.5,21.0669,-8.9917,27.75,29.386,14.0576,927.413,1027.36,5.65888,349.81,50.5761,44.0407,-92.5161,-131.281,2.09527,3.11359,22.7475,27.4797,13.6877
85540,31.2998265,-120.5700296,746.99,2429,2551.5,125.846,128.9,238.312,0.37575,0,41.1108,43.0005,1.90613,2.50488,-0.411987,19.5,21.2273,-9.06494,27.75,29.5398,13.9307,927.413,1027.57,5.65888,349.81,50.5804,43.9883,-92.514,-131.418,2.08323,3.09577,22.7475,27.4797,13.6093
85541,31.3008225,-120.5689486,746.89,2429,2551.5,125.782,128.933,238.438,0.375875,0,41.0889,43.0115,1.90063,2.53784,-0.395508,19.5,21.197,-9.08691,27.75,29.5142,14.0088,927.413,1027.44,5.65888,350.162,50.5848,44.1264,-92.5119,-131.304,2.07963,3.09044,22.7475,27.4797,13.5859
85542,31.3016522,-120.5680485,746.73,2428,2551.5,125.782,128.9,238.375,0.37575,-0,41.0944,43.0115,1.92261,2.54883,-0.362549,19.5,21.1691,-9.18945,27.75,29.48,14.4971,927.447,1027.28,5.65888,350.162,50.5892,44.1198,-92.5098,-131.38,2.06284,3.06567,22.7475,27.4797,13.477
85543,31.3024816,-120.5671473,746.64,2428,2551.5,125.717,128.836,238.125,0.3755,-0,41.1108,43.0334,1.93909,2.53784,-0.335083,19.5,21.1051,-9.18945,27.75,29.4031,14.9707,927.447,1027.24,5.65888,350.162,50.5935,43.9403,-92.5077,-131.217,2.06284,3.06567,22.7475,27.4797,13.477
85544,31.3033104,-120.5662461,746.58,2428,2550,125.782,128.74,238,0.37525,-0,41.1108,43.0389,1.9281,2.53784,-0.263672,19.5,21.2072,-9.29932,27.75,29.4971,14.1992,927.447,1027.36,5.65888,350.162,50.5979,43.856,-92.5056,-131.193,2.04505,3.03933,22.7475,27.4797,13.3612
85545,31.3041387,-120.5653451,746.43,2428,2551,125.653,128.675,237.812,0.375,-0,41.1328,43.0554,1.94458,2.57629,-0.252686,19.5,21.2346,-9.29199,27.75,29.5142,14.7852,927.447,1027.61,5.65888,350.162,50.6023,43.8405,-92.5035,-131.05,2.04624,3.04108,22.7475,27.4797,13.3689
85546,31.3049664,-120.5644438,746.29,2428,2551,125.653,128.707,237.938,0.375125,-0,41.1218,43.0664,1.93359,2.62024,-0.340576,19.5,21.2209,-9.37988,27.75,29.5056,14.0576,927.447,1027.61,5.40166,350.162,50.6066,43.939,-92.5014,-130.991,2.0321,3.02014,22.7475,27.4797,13.2768
85547,31.3059589,-120.5633613,746.26,2428,2552,125.653,128.675,237.812,0.375,-0,41.1383,43.0719,1.95007,2.64221,-0.324097,19.5,21.2761,-9.4165,27.75,29.5569,13.9111,927.447,1027.49,5.40166,350.162,50.611,43.8853,-92.4993,-130.911,2.02624,3.01146,22.7475,27.4797,13.2387
85548,31.3067857,-120.5624598,746.18,2428,2552,125.589,128.45,237.438,0.374375,0,41.2372,43.0884,1.95007,2.59827,-0.280151,19.5,21.3196,-9.4165,27.75,29.574,13.9355,927.447,1027.4,5.40166,350.162,50.6154,43.8379,-92.4972,-131.041,2.02624,3.01146,22.7475,27.4797,13.2387
85549,31.3076120,-120.5615572,746.24,2428,2551.5,125.589,128.418,237.375,0.37425,0,41.1987,43.1323,1.95557,2.57629,-0.346069,19.5,21.325,-9.43848,27.75,29.574,13.9404,927.447,1027.49,5.40166,350.162,50.6197,43.8598,-92.4951,-130.994,2.02273,3.00626,22.7475,27.4797,13.2158
85550,31.3084377,-120.5606555,746.26,2429,2552,125.589,128.322,237.188,0.374,0.08128,41.1987,43.1323,1.95557,2.55981,-0.532837,19.5,21.2941,-9.70215,27.75,29.5312,13.8428,927.413,1027.53,5.40166,350.162,50.6241,44.0424,-92.493,-131.115,1.98109,2.94447,22.7475,27.4797,12.9442
85551,31.3090982,-120.5599337,746.36,2429,2552.5,125.46,128.257,237.062,0.37375,0.08128,41.3086,43.1763,1.94458,2.53784,-0.620728,19.5,21.4461,-9.81201,27.75,29.6765,13.9941,927.413,1027.4,5.40166,349.459,50.6284,44.0577,-92.4909,-131.339,1.96394,2.91906,22.7475,27.4797,12.8325
85552,31.3099237,-120.5590315,746.43,2429,2552.5,125.46,128.225,237,0.373625,0.08128,41.3745,43.1598,1.8512,2.52136,-0.648193,19.5,21.385,-10.0537,27.75,29.6082,13.9258,927.413,1027.24,5.40166,349.459,50.6328,44.1509,-92.4888,-131.552,1.92668,2.86384,22.7475,27.4797,12.5897
85553,31.3105843,-120.5583099,746.44,2429,2552.5,125.46,128.225,236.875,0.373625,0,41.369,43.1543,1.77979,2.50488,-0.598755,19.75,21.4016,-10.2588,27.75,29.6252,14.1357,927.413,1027.08,5.40166,349.459,50.6372,43.957,-92.4867,-131.476,1.89556,2.81772,23.1034,27.9766,12.1961
85554,31.3114101,-120.5574085,746.36,2429,2553.5,125.396,128.225,236.938,0.373625,-0,41.4075,43.1543,1.78528,2.50488,-0.53833,19.75,21.4349,-10.5151,27.75,29.6594,13.96,927.413,1027.4,5.40166,349.459,50.6415,44.0032,-92.4846,-131.503,1.85729,2.76101,23.1034,27.9766,11.9507
85555,31.3125661,-120.5561469,746.11,2428,2550,125.396,128.161,236.812,0.373375,-0,41.4349,43.1323,1.72485,2.53784,-0.527344,19.75,21.4871,-10.625,28,29.7021,13.9355,927.447,1027.36,5.40166,349.81,50.6459,44.0103,-92.4824,-131.697,1.84103,2.73701,23.1034,27.9766,11.8468
85556,31.3132268,-120.5554256,746.02,2428,2547.5,125.46,128.257,237,0.373625,-0.08128,41.4185,43.1323,1.69739,2.60925,-0.549316,19.75,21.5097,-10.9033,28,29.7363,14.126,927.447,1027.49,5.40166,349.81,50.6503,43.9048,-92.4803,-131.663,1.80059,2.67705,23.1034,27.9766,11.5873
85557,31.3140524,-120.5545239,745.88,2428,2550,125.396,128.289,237,0.37375,-0.08128,41.4185,43.1323,1.71387,2.66968,-0.576782,19.75,21.5126,-11.0791,28,29.7449,13.7842,927.447,1027.24,5.14444,349.81,50.6546,43.8149,-92.4782,-131.658,1.77545,2.63979,23.1034,27.9766,11.426
85558,31.3148780,-120.5536226,745.78,2427,2553,125.396,128.032,236.562,0.373,-0.08128,41.413,43.1323,1.71387,2.66418,-0.637207,19.75,21.5448,-11.189,28,29.7449,14.0137,927.481,1027.28,5.14444,350.162,50.659,43.8941,-92.4761,-131.628,1.75984,2.61674,23.1034,27.9766,11.3262
85559,31.3157036,-120.5527220,745.75,2428,2550,125.331,127.968,236.375,0.372875,-0,41.4404,43.1104,1.69739,2.63123,-0.703125,19.75,21.5917,-11.4307,28,29.7876,14.1553,927.447,1027.36,5.14444,350.162,50.6633,44.0402,-92.474,-131.657,1.72612,2.56665,23.1034,27.9766,11.1094
85560,31.3165290,-120.5518210,745.86,2428,2550.5,125.331,127.936,236.312,0.37275,0,41.4075,43.1104,1.66992,2.61475,-0.76355,19.75,21.5388,-11.6797,28,29.7278,13.9111,927.447,1027.53,5.14444,350.162,50.6677,44.1391,-92.4719,-131.588,1.69193,2.51594,23.1034,27.9766,10.8899
85561,31.3173546,-120.5509208,745.95,2428,2549.5,125.331,127.904,236.25,0.372625,0,41.369,43.0939,1.6864,2.38403,-0.812988,19.75,21.6356,-11.9873,28,29.8218,13.9941,927.447,1027.4,5.14444,349.81,50.6721,43.9724,-92.4698,-131.705,1.65052,2.45454,23.1034,27.9766,10.6241
85562,31.3183458,-120.5498411,745.93,2428,2550.5,125.331,127.968,236.375,0.372875,0.08128,41.3361,43.0719,1.70288,2.05994,-0.86792,20,21.6582,-12.1484,28,29.856,13.7256,927.447,1027.2,5.14444,349.81,50.6764,43.8019,-92.4677,-131.885,1.6292,2.42291,23.4642,28.4816,10.326
85563,31.3191723,-120.5489426,745.55,2427,2547,125.267,128.032,236.438,0.373,-0,41.2866,43.028,1.69189,1.93359,-0.900879,20,21.5614,-12.3975,28,29.762,14.082,927.481,1027.16,5.14444,349.81,50.6808,43.8038,-92.4656,-131.97,1.59667,2.37474,23.4642,28.4816,10.1207
85564,31.3199991,-120.5480437,744.76,2424,2543,125.331,128.193,236.875,0.373375,-0.32512,41.2537,43.0115,1.72485,1.97205,-0.834961,20,21.5536,-12.5293,28,29.7705,13.8281,927.583,1027.2,5.14444,349.81,50.6852,43.7932,-92.4635,-131.843,1.57954,2.34959,23.4642,28.4816,10.0135
85565,31.3206609,-120.5473251,743.83,2420,2538.5,125.331,128.129,236.625,0.373125,-0.65024,41.2482,42.962,1.70837,2.0105,-0.648193,20,21.556,-12.6099,28,29.762,13.9355,927.719,1027.4,4.88722,349.81,50.6895,43.581,-92.4614,-131.692,1.56903,2.33433,23.4642,28.4816,9.94848
85566,31.3214890,-120.5464265,742.51,2416,2534,125.46,128.161,236.75,0.37325,-0.89408,41.1823,42.9456,1.69739,1.99951,-0.582275,20,21.7419,-12.6758,28,29.9585,13.9404,927.856,1027.49,4.88722,349.81,50.6939,43.3842,-92.4593,-131.538,1.56043,2.32192,23.4642,28.4816,9.89557
85567,31.3223178,-120.5455277,741.11,2412,2529,125.524,128.193,236.875,0.373375,-1.05664,41.1932,42.9291,1.74683,2.005,-0.532837,20,21.6368,-12.8662,28,29.856,13.7988,927.992,1027.24,4.88722,349.81,50.6982,43.3013,-92.4572,-131.538,1.53627,2.28639,23.4642,28.4816,9.74413
85568,31.3229813,-120.5448081,740.04,2408,2524,125.589,128.45,237.375,0.374125,-1.13792,41.1273,42.9071,1.71936,1.99951,-0.494385,20,21.7293,-13.064,28,29.9841,14.126,928.129,1027.2,4.88722,349.81,50.7026,43.0593,-92.4551,-131.567,1.51154,2.25,23.4642,28.4817,9.58905
85569,31.3238114,-120.5439078,738.72,2404,2519,125.589,128.611,237.812,0.374625,-1.2192,41.1273,42.9071,1.71936,2.24121,-0.461426,20,21.4751,-13.2031,28.25,29.7449,13.9062,928.265,1027.24,4.88722,349.81,50.707,43.2398,-92.453,-131.356,1.49428,2.2247,23.4643,28.4817,9.48125
85570,31.3249746,-120.5426472,736.93,2400,2516,125.782,128.868,238.25,0.375375,-1.2192,41.1493,42.8687,1.74133,2.57629,-0.362549,20,21.4512,-12.7197,28.25,29.7534,14.0088,928.402,1027.49,4.88722,349.81,50.7113,43.5174,-92.4509,-131.13,1.55397,2.31368,23.4643,28.4817,9.86044
85571,31.3256399,-120.5419271,736.1,2397,2516,125.782,128.836,238.125,0.37525,-1.05664,41.1108,42.8687,1.71936,2.74658,-0.219727,20,21.3568,-11.5405,28.25,29.6509,14.0137,928.504,1027.61,4.88722,350.162,50.7157,43.5155,-92.4488,-130.865,1.70901,2.54418,23.4643,28.4817,10.8428
85572,31.3264715,-120.5410265,735.6,2396,2518.5,125.846,128.804,238.062,0.37525,-0.8128,41.1163,42.8687,1.75781,2.82898,-0.181274,19.75,21.3984,-10.4712,28.25,29.6936,14.0479,928.538,1027.49,4.88722,350.162,50.72,43.4928,-92.4467,-130.998,1.86154,2.77067,23.1035,27.9767,11.9924
85573,31.3273030,-120.5401262,735.53,2397,2520.5,125.782,128.74,238,0.375,-0.48768,41.0339,42.8906,1.77429,2.8949,-0.280151,19.75,21.4922,-10.0903,28,29.7791,14.0625,928.504,1027.32,4.88722,350.162,50.7244,43.5595,-92.4445,-130.867,1.91883,2.85557,23.1035,27.9767,12.3599
85574,31.3281340,-120.5392271,735.71,2398,2521,125.782,128.547,237.625,0.3745,-0.08128,41.0284,42.9126,1.87866,2.8949,-0.444946,19.75,21.522,-10.2148,28,29.7876,14.1504,928.47,1027.36,4.88722,350.162,50.7288,43.7628,-92.4424,-130.876,1.90002,2.82756,23.1035,27.9767,12.2387
85575,31.3289645,-120.5383276,736.25,2400,2523,125.717,128.418,237.375,0.374125,0.16256,41.012,42.9291,1.90063,2.83447,-0.609741,19.75,21.5049,-10.2881,28,29.7534,13.8916,928.402,1027.61,4.88722,349.81,50.7331,44.0739,-92.4403,-130.988,1.88913,2.8112,23.1035,27.9767,12.1679
85576,31.3297947,-120.5374293,736.91,2402,2526.5,125.653,128.257,237.062,0.373625,0.4064,41.0449,42.9346,1.92261,2.70264,-0.708618,19.75,21.651,-10.4712,28,29.8816,14.3066,928.333,1027.53,5.14444,349.81,50.7375,44.1111,-92.4382,-131.184,1.86195,2.77066,23.1035,27.9767,11.9924
85577,31.3307906,-120.5363521,737.56,2404,2525,125.589,128.097,236.688,0.373125,0.48768,41.0614,42.9071,1.86218,2.55981,-0.714111,19.75,21.5893,-10.7056,28,29.7961,14.1406,928.265,1027.53,5.14444,349.81,50.7418,44.0094,-92.4361,-131.225,1.82763,2.71954,23.1035,27.9767,11.7711
85578,31.3316199,-120.5354542,738,2405,2526.5,125.46,128.129,236.75,0.373125,0.48768,41.0504,42.9016,1.84021,2.49939,-0.65918,20,21.5893,-10.9106,28,29.7961,14.1113,928.231,1027.32,5.14444,349.459,50.7462,43.9508,-92.434,-131.257,1.79801,2.6755,23.4643,28.4817,11.4024
85579,31.3322833,-120.5347364,738.23,2406,2525,125.396,128,236.438,0.372875,0.32512,41.0614,42.8796,1.82922,2.4884,-0.604248,20,21.6914,-11.0571,28,29.8901,15.1465,928.197,1027.49,5.14444,349.459,50.7506,43.8996,-92.4319,-131.304,1.77714,2.64443,23.4642,28.4817,11.27
85580,31.3331126,-120.5338394,738.23,2405,2525.5,125.396,127.871,236.25,0.3725,0.16256,41.0724,42.8577,1.79626,2.46643,-0.461426,20,21.7241,-11.2988,28,29.9072,14.0723,928.231,1027.61,5.14444,349.459,50.7549,43.6861,-92.4298,-131.269,1.743,2.59387,23.4643,28.4817,11.0546
85581,31.3339419,-120.5329423,738.12,2405,2526,125.396,127.904,236.312,0.372625,0,41.0889,42.8467,1.77429,2.4939,-0.390015,20,21.752,-11.5479,28,29.9414,14.1406,928.231,1027.57,4.88722,349.107,50.7593,43.6076,-92.4277,-131.135,1.70851,2.54268,23.4643,28.4817,10.8364
85582,31.3347711,-120.5320457,737.84,2404,2524,125.396,127.871,236.312,0.3725,-0,41.0834,42.8192,1.73035,2.57629,-0.384521,20,21.6908,-11.8481,28.25,29.873,14.1211,928.265,1027.61,4.88722,349.107,50.7636,43.6491,-92.4256,-130.982,1.66767,2.48215,23.4643,28.4817,10.5784
85583,31.3354347,-120.5313287,737.61,2404,2526,125.396,128.129,236.625,0.373125,-0,41.0944,42.8192,1.73584,2.6532,-0.373535,20,21.8387,-12.0239,28.25,30.0525,14.1064,928.265,1027.36,4.88722,349.107,50.768,43.6807,-92.4235,-130.898,1.6442,2.44732,23.4643,28.4817,10.43
