flight/DC8/seac4rs-dc8hskping_dc8_20130802_rb.ict
67,1001
Project Office
NSERC - National Suborbital Education and Research Center
DC-8 Data Acquisition and Distribution
SEAC4RS 2013 - Studies of Emissions and Atmospheric Composition, Clouds and Climate Coupling by Regional Surveys
1,1
2013,08,02,2013,08,07
1
Start_UTC,seconds
34
1,1,1,1,1,1,1,1,1,1,1,1,1,1,1,1,1,1,1,1,1,1,1,1,1,1,1,1,1,1,1,1,1,1
-9999,-9999,-9999,-9999,-9999,-9999,-9999,-9999,-9999,-9999,-9999,-9999,-9999,-9999,-9999,-9999,-9999,-9999,-9999,-9999,-9999,-9999,-9999,-9999,-9999,-9999,-9999,-9999,-9999,-9999,-9999,-9999,-9999,-9999
Latitude, deg
Longitude, deg
GPS_Altitude, m
Pressure_Altitude, feet
Radar_Altitude, feet
Ground_Speed, m/s
True_Air_Speed, m/s
Indicated_Air_Speed, kts
Mach_Number, mach
Vertical_Speed, m/s
True_Heading, deg (0-360)
Track_Angle, deg (0-360)
Drift_Angle, deg
Pitch_Angle, deg (+-180)
Roll_Angle, deg (+-180)
Static_Air_Temp, Celsius
Static_Air_Temp_Experimenter, Celsius, Calculated from Rosemount 102E4AL TAT Sensor
Dew_Point_3-Stage, Celsius, Edgetech 3-Stage Hygrometer
TAT_Aircraft, Celsius
TAT_Experimenter, Celsius, Rosemount 102E4AL TAT Sensor
IR_Surf_Temp, Celsius
Static_Pressure, mb
Cabin_Pressure, mb
Wind_Speed, m/s
Wind_Direction, deg (0-360)
Solar_Zenith_Angle, deg
Aircraft_Sun_Elevation, deg
Sun_Azimuth, deg
Aircraft_Sun_Azimuth, deg
Mixing_Ratio, g/kg, From Edgetech 3-Stage Hygrometer
Part_Press_Water_Vapor, mb, From Edgetech 3-Stage Hygrometer
Sat_Vapor_Press_H2O, mb
Sat_Vapor_Press_Ice, mb
Relative_Humidity_H2O, Percent, From Edgetech 3-Stage Hygrometer
1
Preliminary Data
18
PI_CONTACT_INFO: http://www.nserc.und.edu/about/contact.html
Platform: NASA DC-8
LOCATION: Included in data records
ASSOCIATED_DATA: N/A
INSTRUMENT_INFO:http://www.nserc.und.edu/PDFs/ExperimenterHandbook.pdf
DATA_INFO: http://www.nserc.und.edu/PDFs/ExperimenterHandbook.pdf
UNCERTAINTY: NA
ULOD_FLAG: -7777
ULOD_VALUE: N/A
LLOD_FLAG: -8888
LLOD_VALUE: N/A;
DM_CONTACT_INFO: Eric Buzay
PROJECT_INFO: N/A
STIPULATIONS_ON_USE: N/A
OTHER_COMMENTS: N/A
REVISION: Rb
Rb: This is Preliminary Data.
Start_UTC,Latitude,Longitude,GPS_Altitude,Pressure_Altitude,Radar_Altitude,Ground_Speed,True_Air_Speed,Indicated_Air_Speed,Mach_Number,Vertical_Speed,True_Heading,Track_Angle,Drift_Angle,Pitch_Angle,Roll_Angle,Static_Air_Temp,Static_Air_Temp_Experimenter,Dew_Point_3-Stage,TAT_Aircraft,TAT_Experimenter,IR_Surf_Temp,Static_Pressure,Cabin_Pressure,Wind_Speed,Wind_Direction,Solar_Zenith_Angle,Aircraft_Sun_Elevation,Sun_Azimuth,Aircraft_Sun_Azimuth,Mixing_Ratio,Part_Press_Water_Vapor,Sat_Vapor_Press_H2O,Sat_Vapor_Press_Ice,Relative_Humidity_H2O
[from data line 7127]
86700,31.5924187,-120.2493118,302.24,1019,1107,123.338,121.698,234.312,0.359125,-0.16256,227.587,223.412,-4.12537,2.54333,-1.07666,12.25,14.0733,12.2339,19.75,21.4819,19.3066,976.49,1026.83,10.0317,329.771,54.9827,28.3529,-89.9769,41.4935,9.24144,14.2959,14.3111,16.1233,99.8941
86701,31.5914469,-120.2503837,302.73,1018,1108,123.467,121.473,233.812,0.3585,-0,227.62,223.352,-4.22974,2.4884,-0.889893,12.5,14.09,12.2705,19.75,21.4734,19.4336,976.525,1026.75,9.77444,329.771,54.9855,28.4187,-89.9746,41.1924,9.26372,14.3304,14.5481,16.43,98.5035
86702,31.5907974,-120.2510988,303.45,1020,1113,123.595,121.955,234.688,0.359875,0,227.692,223.286,-4.32861,2.53235,-0.521851,12.5,14.1513,12.1753,19.75,21.593,18.8721,976.454,1025.08,9.77444,329.771,54.9883,28.7493,-89.9723,40.8289,9.20569,14.2409,14.5481,16.43,97.8884
86703,31.5898218,-120.2521721,304.54,1023,1113.5,123.788,122.245,235.312,0.36075,0.32512,227.45,223.248,-4.43848,2.56531,-1.18103,12.5,14.091,12.1167,20,21.5674,19.3604,976.348,1026.75,9.77444,329.42,54.991,28.4555,-89.97,41.223,9.17074,14.1861,14.5481,16.43,97.5115
86704,31.5891704,-120.2528871,305.03,1025,1117,123.917,122.277,235,0.36075,0.56896,227.329,223.209,-4.23523,2.41699,-1.80176,12.5,14.116,12.2705,20,21.593,19.0234,976.277,1026.79,9.77444,329.42,54.9938,28.005,-89.9678,41.5722,9.2661,14.3304,14.5481,16.43,98.5035
86705,31.5881913,-120.2539591,305.47,1025,1114.5,124.045,122.084,234.812,0.360125,0.4064,227.357,223.149,-4.1748,2.33459,-1.21399,12.5,13.9997,12.2266,20,21.4478,19.3115,976.277,1026.87,9.77444,329.068,54.9966,28.4626,-89.9655,41.0104,9.23896,14.289,14.5481,16.43,98.2191
86706,31.5875362,-120.2546727,305.42,1024,1114,124.11,122.502,235.812,0.3615,0.08128,227.637,222.99,-4.36157,2.20276,-0.186768,12.5,14.119,12.124,20,21.6272,19.4531,976.312,1026.83,9.77444,328.716,54.9994,29.2396,-89.9632,39.9775,9.17557,14.1929,14.5481,16.43,97.5586
86707,31.5865512,-120.2557429,305.06,1022,1112,124.238,123.016,236.75,0.363,-0.08128,227.697,222.924,-4.70764,2.30164,-0.626221,12.5,14.0498,12.0874,20,21.6187,19.3506,976.383,1026.83,9.77444,328.716,55.0022,28.7231,-89.9609,40.2356,9.15247,14.1587,14.5481,16.43,97.3236
86708,31.5858931,-120.2564566,304.86,1020,1110,124.431,122.245,235.188,0.36075,-0.32512,227.543,222.88,-4.81201,2.42249,-0.55481,12.5,14.0577,12.1387,20,21.5332,19.2236,976.454,1026.75,9.77444,328.365,55.005,28.4711,-89.9586,40.5385,9.1832,14.2066,14.5481,16.43,97.6527
86709,31.5849043,-120.2575278,304.41,1019,1110,124.624,122.245,235.312,0.36075,-0.4064,227.549,222.825,-4.71313,2.54333,-0.197754,12.5,14.091,12.0654,20,21.5674,19.585,976.49,1026.75,9.77444,328.365,55.0078,28.5233,-89.9563,40.5194,9.13803,14.1383,14.5481,16.43,97.1828
86710,31.5839141,-120.2586007,303.78,1019,1109,124.753,122.791,236.312,0.36225,-0.24384,227.439,222.825,-4.71863,2.47192,-0.269165,12.5,14.022,12.0142,20,21.5588,19.2578,976.49,1026.75,10.0317,328.365,55.0106,28.6844,-89.954,40.9738,9.10676,14.0906,14.5481,16.43,96.8551
86711,31.5832528,-120.2593170,303.64,1018,1110,124.881,122.824,236.375,0.362375,-0.24384,227.428,222.803,-4.63074,2.4884,-0.192261,12.5,14.0086,12.1387,20,21.5503,19.3945,976.525,1026.75,10.0317,328.365,55.0134,28.7681,-89.9517,41.1107,9.18252,14.2066,14.5481,16.43,97.6527
86712,31.5824252,-120.2602130,303.61,1017,1105.5,125.074,122.727,236.188,0.362125,-0.24384,227.439,222.83,-4.59229,2.51587,0.0769043,12.5,14.1187,12.0654,20,21.6528,19.2578,976.561,1026.83,10.0317,328.365,55.0162,28.8696,-89.9495,41.1443,9.13736,14.1383,14.5481,16.43,97.1828
86713,31.5815973,-120.2611103,303.56,1018,1110.5,125.203,122.727,236.188,0.362125,-0.16256,227.313,222.852,-4.5813,2.55981,0.351562,12.5,14.1103,11.9629,20,21.6443,19.3945,976.525,1026.75,10.0317,328.365,55.0189,29.015,-89.9472,41.3924,9.07526,14.0431,14.5481,16.43,96.5284
86714,31.5807691,-120.2620089,303.62,1021,1111,125.267,123.177,237.062,0.363375,0.16256,227.164,222.852,-4.45496,2.44995,-0.186768,12.5,14.0346,12.0874,20,21.6187,19.3945,976.419,1026.87,10.0317,328.365,55.0217,28.715,-89.9449,42.0061,9.15213,14.1587,14.5481,16.43,97.3236
86715,31.5799403,-120.2629086,303.91,1020,1110.5,125.396,122.727,236.125,0.362,0.24384,227.181,222.88,-4.27917,2.47192,-0.65918,12.5,14.1154,12.0508,20,21.6443,19.2773,976.454,1026.75,10.0317,328.716,55.0245,28.4756,-89.9426,42.2184,9.12942,14.1246,14.5481,16.43,97.0891
86716,31.5791105,-120.2638089,304.12,1020,1114.5,125.589,123.049,236.875,0.363,0.08128,227.34,222.902,-4.27368,2.47192,-0.516357,12.5,14.0249,11.9336,20,21.593,19.5215,976.454,1026.75,10.0317,328.716,55.0273,28.5688,-89.9403,41.9217,9.05816,14.0159,14.5481,16.43,96.3421
86717,31.5784457,-120.2645296,304.27,1019,1110,125.653,122.631,235.938,0.36175,0,227.34,222.885,-4.44946,2.50488,-0.488892,12.5,14.0589,11.9263,20,21.5759,19.2383,976.49,1026.79,10.0317,329.068,55.0301,28.5247,-89.938,41.6469,9.05339,14.0092,14.5481,16.43,96.2956
86718,31.5774474,-120.2656113,304.23,1019,1110.5,125.782,122.598,235.938,0.36175,-0.08128,227.258,222.847,-4.48792,2.51587,-0.0878906,12.5,14.1755,11.9116,20,21.6956,19.4141,976.49,1026.79,10.0317,329.42,55.0329,28.7275,-89.9357,41.339,9.04452,13.9957,14.5481,16.43,96.2026
86719,31.5767809,-120.2663330,303.99,1019,1107.5,125.91,123.049,236.875,0.363125,-0,227.192,222.825,-4.42749,2.46643,-0.0549316,12.5,14.0864,11.9556,20,21.6614,19.2285,976.49,1026.83,10.0317,329.771,55.0357,28.6705,-89.9334,41.4677,9.07115,14.0363,14.5481,16.43,96.4818
86720,31.5757798,-120.2674163,303.86,1018,1111.5,126.039,123.049,236.812,0.363,-0,227.236,222.808,-4.37805,2.38953,-0.065918,12.5,14.0415,12.0947,20,21.6101,19.3164,976.525,1026.75,10.0317,329.771,55.0384,28.8191,-89.9312,41.4605,9.1556,14.1656,14.5481,16.43,97.3705
86721,31.5751118,-120.2681394,303.88,1017,1108,126.232,123.627,238.062,0.364875,-0.08128,227.351,222.83,-4.40002,2.53235,0.450439,12.5,14.065,11.9556,20,21.7126,19.2285,976.561,1026.87,10.0317,330.123,55.0412,29.0527,-89.9289,41.2106,9.07048,14.0363,14.5481,16.43,96.4818
86722,31.5741091,-120.2692256,303.82,1018,1111,126.296,124.013,238.812,0.366,-0.08128,227.247,222.852,-4.49341,2.46094,0.620728,12.25,14.0939,12.146,20,21.7896,19.3066,976.525,1026.75,10.0317,330.474,55.044,29.2468,-89.9266,41.3705,9.18702,14.2135,14.3111,16.1233,99.318
86723,31.5734407,-120.2699511,304.03,1020,1113.5,126.425,123.885,238.438,0.3655,0,227.241,222.896,-4.34509,2.34558,-0.214233,12.5,14.1061,12.2559,20,21.781,19.3311,976.454,1026.92,10.0317,330.123,55.0468,28.7688,-89.9243,41.902,9.25534,14.3166,14.5481,16.43,98.4086
86724,31.5724373,-120.2710410,304.93,1021,1117.5,126.553,124.592,239.812,0.367625,0.16256,227.313,222.94,-4.29565,2.4115,-0.0823975,12.5,14.0938,12.3071,20.25,21.8579,19.1357,976.419,1026.92,10.0317,330.123,55.0496,28.8841,-89.922,41.9044,9.28741,14.3649,14.5481,16.43,98.7409
86725,31.5717683,-120.2717692,305.66,1024,1119,126.682,124.624,239.875,0.36775,0.32512,227.159,222.984,-4.32312,2.35107,0.115356,12.5,14.1136,12.146,20.25,21.8835,19.2285,976.312,1026.87,10.0317,330.123,55.0523,29.1068,-89.9197,42.0513,9.18905,14.2135,14.5481,16.43,97.6998
86726,31.5707650,-120.2728630,306.75,1027,1121.5,126.81,124.978,240.562,0.36875,0.65024,227.087,223,-4.15283,2.25769,-0.197754,12.5,13.9809,11.9775,20.25,21.7896,19.248,976.206,1026.83,10.0317,330.123,55.0551,28.974,-89.9175,42.3232,9.08716,14.0566,14.5481,16.43,96.6216
86727,31.5699286,-120.2737759,307.56,1030,1123,126.939,124.367,239.25,0.366875,0.8128,226.967,223.028,-4.05396,2.07642,-0.214233,12.5,14.083,12.0215,20.25,21.8152,19.4287,976.099,1026.92,9.77444,329.771,55.0579,29.0786,-89.9152,42.4997,9.11491,14.0974,14.5481,16.43,96.9019
86728,31.5692588,-120.2745069,307.91,1031,1120,127.068,123.981,238.625,0.36575,0.73152,226.989,223.022,-3.9386,1.88416,-0.439453,12.5,14.1042,12.1167,20.25,21.7896,19.4189,976.064,1026.87,9.77444,329.771,55.0607,29.0081,-89.9129,42.4391,9.17344,14.1861,14.5481,16.43,97.5115
86729,31.5680845,-120.2757873,307.59,1031,1118,127.132,124.721,240.312,0.368,0.4064,226.939,223.028,-3.95508,1.79077,-0.357056,12.5,14.0701,12.146,20.25,21.8494,19.2236,976.064,1025.78,9.77444,330.123,55.0634,28.8265,-89.9106,42.1966,9.19141,14.2134,14.5481,16.43,97.6998
86730,31.5674118,-120.2765193,306.8,1026,1112.5,127.325,125.235,241,0.369625,-0.08128,227.23,223,-3.93311,1.79626,0.0274658,12.25,13.9531,11.9556,20.25,21.7981,19.458,976.241,1026.75,9.77444,330.474,55.0662,29.0212,-89.9083,41.4228,9.07349,14.0363,14.3111,16.1233,98.0798
86731,31.5664005,-120.2776180,305.34,1022,1109.5,127.518,125.428,241.5,0.370125,-0.65024,227.659,222.935,-4.29016,2.03796,0.170288,12.25,14.0156,11.8237,20.25,21.8835,19.248,976.383,1026.75,9.77444,330.474,55.069,28.7929,-89.906,40.7325,8.99246,13.9147,14.3111,16.1233,97.2306
86732,31.5655556,-120.2785346,303.93,1017,1106,127.711,125.267,241.125,0.369625,-0.97536,227.851,222.896,-4.75708,2.31262,0.335083,12.25,14.0529,11.9116,20.25,21.9006,19.3213,976.561,1026.79,9.77444,330.123,55.0717,28.5562,-89.9038,40.3762,9.04385,13.9957,14.3111,16.1233,97.796
86733,31.5648789,-120.2792689,302.93,1012,1101.5,127.904,125.428,241.562,0.370125,-1.2192,228.12,222.88,-4.96582,2.52686,1.18652,12.5,14.1487,11.8018,20.25,22.0203,19.4434,976.739,1026.79,9.77444,330.123,55.0745,28.9059,-89.9015,39.8367,8.97594,13.8946,14.5481,16.43,95.5078
86734,31.5642023,-120.2800043,302.09,1010,1101.5,128.032,125.042,240.5,0.369,-1.2192,228.23,222.924,-5.19104,2.83447,1.82922,12.5,14.0455,11.8457,20.25,21.8665,19.0918,976.81,1026.83,10.0317,329.771,55.0773,29.3052,-89.8992,39.9336,9.00173,13.9349,14.5481,16.43,95.7852
86735,31.5631888,-120.2811108,301.22,1009,1097,128.161,124.592,239.875,0.3675,-0.89408,228.098,223.066,-5.15808,2.99927,2.26868,12.5,14.1406,11.9775,20.25,21.9006,19.1357,976.845,1026.75,10.2889,329.771,55.0801,29.8908,-89.8969,40.2781,9.08115,14.0566,14.5481,16.43,96.6216
86736,31.5625147,-120.2818510,300.86,1009,1100.5,128.225,124.978,240.5,0.36875,-0.4064,228.005,223.209,-4.88342,2.87842,1.17004,12.5,14.2055,11.897,20.25,22.0203,19.4092,976.845,1026.79,10.2889,330.474,55.0828,29.823,-89.8946,41.7127,9.03234,13.9822,14.5481,16.43,96.1097
86737,31.5615062,-120.2829652,301.26,1012,1106,128.161,125.782,242.188,0.371125,-0,227.928,223.412,-4.58679,2.82349,0.22522,12.5,14.1405,11.9116,20.25,22.0544,19.1357,976.739,1026.83,10.2889,330.826,55.0856,29.4039,-89.8924,42.5592,9.04219,13.9957,14.5481,16.43,96.2026
86738,31.5606675,-120.2838967,302.24,1014,1110.5,128.225,126.135,242.938,0.37225,0.32512,227.994,223.555,-4.36707,2.79053,0.00549316,12.5,14.1852,12.2925,20.25,22.1484,19.1602,976.668,1027.04,10.2889,330.826,55.0883,29.3408,-89.8901,42.5425,9.27594,14.3511,14.5481,16.43,98.6459
86739,31.5599971,-120.2846431,303.32,1018,1117.5,128.354,125.974,242.438,0.371625,0.65024,227.966,223.638,-4.35059,2.61475,-0.335083,12.5,14.1281,12.4316,20.25,22.063,19.2773,976.525,1026.75,10.2889,330.826,55.0911,29.5006,-89.8878,42.3805,9.36382,14.483,14.5481,16.43,99.5521
86740,31.5589920,-120.2857636,305.47,1022,1120,128.354,125.942,242.375,0.371625,0.89408,227.867,223.676,-4.28467,2.53235,-0.379028,12.5,14.0449,12.2412,20.5,21.9775,19.3604,976.383,1026.87,10.2889,330.826,55.0938,29.621,-89.8856,42.1556,9.24698,14.3028,14.5481,16.43,98.3138
86741,31.5583219,-120.2865106,306.81,1028,1125,128.354,126.328,243.188,0.37275,1.13792,227.878,223.654,-4.20776,2.26318,0.137329,12.5,14.0314,12.168,20.5,22.0117,19.3213,976.17,1026.71,10.2889,330.826,55.0966,30.0712,-89.8833,41.5111,9.2039,14.234,14.5481,16.43,97.8412
86742,31.5573165,-120.2876319,308.62,1033,1129.5,128.418,125.396,240.938,0.37,1.46304,227.769,223.682,-4.19128,1.99951,-0.285645,12.5,14.0042,12.0947,20.5,21.8665,19.0576,975.992,1026.79,10.0317,330.826,55.0994,29.8374,-89.881,41.7019,9.16066,14.1655,14.5481,16.43,97.3705
86743,31.5566460,-120.2883798,309.56,1035,1130,128.482,126.039,242.688,0.371875,1.2192,227.692,223.676,-4.08691,1.77979,-0.269165,12.5,14.126,12.2046,20.5,22.0715,19.5557,975.921,1026.83,10.0317,330.826,55.1021,29.5351,-89.8787,41.5323,9.22881,14.2684,14.5481,16.43,98.0773
86744,31.5556388,-120.2895025,310.03,1036,1128.5,128.547,126.778,244,0.374125,0.89408,227.774,223.638,-4.04846,1.53809,-0.466919,12.5,14.107,12.1094,20.5,22.1484,19.1797,975.886,1026.71,10.0317,331.177,55.1049,29.3296,-89.8765,41.45,9.17064,14.1792,14.5481,16.43,97.4645
86745,31.5549661,-120.2902512,309.92,1036,1126.5,128.804,127.55,245.5,0.3765,0.4064,228.208,223.599,-4.16931,1.46118,-0.137329,12.25,13.9243,12.0288,20.5,22.063,19.3262,975.886,1026.71,10.0317,330.826,55.1076,29.2158,-89.8742,40.6461,9.12139,14.1042,14.311,16.1232,98.5544
86746,31.5539547,-120.2913756,309.66,1034,1126.5,128.997,127.1,244.375,0.375125,0.08128,228.274,223.583,-4.61975,1.56006,-0.43396,12.25,13.9916,12.1021,20.5,22.0459,19.3945,975.957,1026.71,10.0317,330.474,55.1104,28.713,-89.8719,40.667,9.16548,14.1724,14.311,16.1232,99.031
86747,31.5532794,-120.2921264,309.46,1032,1125,129.19,126.875,244.25,0.374375,-0.16256,228.268,223.566,-4.70215,1.62048,-0.488892,12.5,14.0134,11.9263,20.5,22.063,19.5703,976.028,1026.75,10.0317,330.123,55.1131,28.353,-89.8697,40.8452,9.05772,14.0092,14.5481,16.43,96.2956
86748,31.5522649,-120.2932542,308.7,1027,1120.5,129.383,126.103,242.875,0.372125,-0.56896,228.186,223.566,-4.69666,1.82373,-0.455933,12.5,14.099,11.9336,20.5,22.0544,19.2432,976.206,1026.63,10.0317,330.123,55.1159,28.1415,-89.8674,41.0632,9.06049,14.0159,14.5481,16.43,96.3421
86749,31.5514181,-120.2941957,307.28,1023,1113.5,129.576,127.518,245.562,0.376375,-0.89408,228.021,223.61,-4.57031,1.91162,0.406494,12.25,14.129,11.875,20.5,22.2681,19.2822,976.348,1026.63,10.2889,330.474,55.1186,28.6994,-89.8651,41.0189,9.02371,13.9619,14.3111,16.1233,97.5601
86750,31.5505712,-120.2951393,305.71,1019,1108,129.704,128.193,246.812,0.378375,-1.05664,227.884,223.632,-4.38354,2.05444,0.00549316,12.25,14.0364,11.7798,20.5,22.2595,19.3164,976.49,1026.71,10.2889,330.474,55.1214,28.605,-89.8629,41.4341,8.96505,13.8744,14.3111,16.1233,96.949
86751,31.5498927,-120.2958952,304.7,1017,1106.5,129.961,128.386,247.125,0.379,-1.05664,227.719,223.654,-4.22424,2.34558,0.0109863,12.25,14.0764,11.875,20.5,22.3279,19.4727,976.561,1026.75,10.0317,330.123,55.1241,28.5408,-89.8606,41.5012,9.02172,13.9619,14.3111,16.1233,97.5601
86752,31.5490437,-120.2968413,303.8,1014,1107.5,130.09,128.097,246.562,0.378,-0.89408,227.818,223.654,-4.05945,2.23022,0.197754,12.5,14.0522,11.9482,20.5,22.2595,19.1846,976.668,1026.83,10.0317,329.771,55.1269,29.0699,-89.8583,41.411,9.06504,14.0295,14.5481,16.43,96.4352
86753,31.5480247,-120.2979782,303.78,1016,1112.5,130.154,127.357,245.062,0.37575,-0.56896,227.747,223.72,-4.09241,2.28516,-0.461426,12.5,14.0805,11.9922,20.5,22.1912,19.2383,976.596,1026.96,10.0317,329.771,55.1296,28.8837,-89.856,41.83,9.09239,14.0702,14.5481,16.43,96.715
86754,31.5473448,-120.2987367,304.3,1017,1112,130.283,127.132,244.75,0.375,-0,227.681,223.704,-4.03748,2.37854,-0.76355,12.5,14.087,11.9922,20.75,22.1655,19.2041,976.561,1027,10.0317,329.771,55.1324,28.8003,-89.8538,41.7794,9.09272,14.0702,14.5481,16.43,96.715
86755,31.5463241,-120.2998751,304.81,1018,1113,130.412,126.714,244.312,0.37375,0.08128,227.758,223.704,-3.97156,2.34009,-0.664673,12.75,14.1892,11.7725,20.5,22.2168,19.3408,976.525,1026.92,10.0317,330.123,55.1351,28.9885,-89.8515,41.5046,8.96033,13.8677,14.7886,16.742,93.7732
86756,31.5456428,-120.3006339,304.93,1019,1113.5,130.412,128.289,246.875,0.3785,0.24384,227.807,223.682,-4.07043,2.13684,-0.609741,12.5,13.9065,11.9043,20.75,22.1313,19.0723,976.49,1027,10.0317,330.826,55.1379,29.1947,-89.8492,41.2289,9.04009,13.9889,14.5481,16.43,96.1562
86757,31.5446197,-120.3017724,305.4,1019,1115.5,130.604,128.225,246.938,0.378375,0.16256,227.791,223.621,-4.1803,2.20276,-0.675659,12.5,14.1028,11.9482,20.5,22.3279,19.1406,976.49,1027.08,10.0317,330.826,55.1406,29.1361,-89.847,41.0602,9.06671,14.0295,14.5481,16.43,96.4352
