flight/DC8/seac4rs-dc8hskping_dc8_20130802_rb.ict
67,1001
Project Office
NSERC - National Suborbital Education and Research Center
DC-8 Data Acquisition and Distribution
SEAC4RS 2013 - Studies of Emissions and Atmospheric Composition, Clouds and Climate Coupling by Regional Surveys
1,1
2013,08,02,2013,08,07
1
Start_UTC,seconds
34
1,1,1,1,1,1,1,1,1,1,1,1,1,1,1,1,1,1,1,1,1,1,1,1,1,1,1,1,1,1,1,1,1,1
-9999,-9999,-9999,-9999,-9999,-9999,-9999,-9999,-9999,-9999,-9999,-9999,-9999,-9999,-9999,-9999,-9999,-9999,-9999,-9999,-9999,-9999,-9999,-9999,-9999,-9999,-9999,-9999,-9999,-9999,-9999,-9999,-9999,-9999
Latitude, deg
Longitude, deg
GPS_Altitude, m
Pressure_Altitude, feet
Radar_Altitude, feet
Ground_Speed, m/s
True_Air_Speed, m/s
Indicated_Air_Speed, kts
Mach_Number, mach
Vertical_Speed, m/s
True_Heading, deg (0-360)
Track_Angle, deg (0-360)
Drift_Angle, deg
Pitch_Angle, deg (+-180)
Roll_Angle, deg (+-180)
Static_Air_Temp, Celsius
Static_Air_Temp_Experimenter, Celsius, Calculated from Rosemount 102E4AL TAT Sensor
Dew_Point_3-Stage, Celsius, Edgetech 3-Stage Hygrometer
TAT_Aircraft, Celsius
TAT_Experimenter, Celsius, Rosemount 102E4AL TAT Sensor
IR_Surf_Temp, Celsius
Static_Pressure, mb
Cabin_Pressure, mb
Wind_Speed, m/s
Wind_Direction, deg (0-360)
Solar_Zenith_Angle, deg
Aircraft_Sun_Elevation, deg
Sun_Azimuth, deg
Aircraft_Sun_Azimuth, deg
Mixing_Ratio, g/kg, From Edgetech 3-Stage Hygrometer
Part_Press_Water_Vapor, mb, From Edgetech 3-Stage Hygrometer
Sat_Vapor_Press_H2O, mb
Sat_Vapor_Press_Ice, mb
Relative_Humidity_H2O, Percent, From Edgetech 3-Stage Hygrometer
1
Preliminary Data
18
PI_CONTACT_INFO: http://www.nserc.und.edu/about/contact.html
Platform: NASA DC-8
LOCATION: Included in data records
ASSOCIATED_DATA: N/A
INSTRUMENT_INFO:http://www.nserc.und.edu/PDFs/ExperimenterHandbook.pdf
DATA_INFO: http://www.nserc.und.edu/PDFs/ExperimenterHandbook.pdf
UNCERTAINTY: NA
ULOD_FLAG: -7777
ULOD_VALUE: N/A
LLOD_FLAG: -8888
LLOD_VALUE: N/A;
DM_CONTACT_INFO: Eric Buzay
PROJECT_INFO: N/A
STIPULATIONS_ON_USE: N/A
OTHER_COMMENTS: N/A
REVISION: Rb
Rb: This is Preliminary Data.
Start_UTC,Latitude,Longitude,GPS_Altitude,Pressure_Altitude,Radar_Altitude,Ground_Speed,True_Air_Speed,Indicated_Air_Speed,Mach_Number,Vertical_Speed,True_Heading,Track_Angle,Drift_Angle,Pitch_Angle,Roll_Angle,Static_Air_Temp,Static_Air_Temp_Experimenter,Dew_Point_3-Stage,TAT_Aircraft,TAT_Experimenter,IR_Surf_Temp,Static_Pressure,Cabin_Pressure,Wind_Speed,Wind_Direction,Solar_Zenith_Angle,Aircraft_Sun_Elevation,Sun_Azimuth,Aircraft_Sun_Azimuth,Mixing_Ratio,Part_Press_Water_Vapor,Sat_Vapor_Press_H2O,Sat_Vapor_Press_Ice,Relative_Humidity_H2O
[from data line 808]
80381,34.1843893,-118.6185125,6902.85,21461,21826.5,214.395,217.32,302.188,0.67175,5.52704,150.441,148.326,-2.04346,2.42249,-0.192261,-12.75,-12.0852,-34.8389,10.5,11.4758,37.2363,437.823,933.948,6.94499,216.92,34.9679,53.8799,-109.621,93.0891,0.452153,0.318038,2.30411,2.03489,13.803
80382,34.1827454,-118.6172923,6908.75,21479,21847.5,214.395,217.61,302.562,0.67275,5.52704,150.529,148.348,-2.12585,2.42249,-0.137329,-12.75,-11.9145,-34.9048,10.5,11.7322,36.7627,437.489,934.07,6.94499,217.271,34.9716,53.8582,-109.613,93.0398,0.449544,0.315963,2.30411,2.03489,13.713
80383,34.1807711,-118.6158285,6915.77,21497,21865.5,214.587,217.867,302.812,0.6735,5.52704,150.535,148.37,-2.13135,2.42798,-0.126343,-12.75,-12.0177,-34.8828,10.5,11.6724,38.2861,437.156,934.07,7.20222,217.623,34.9752,53.92,-109.606,93.1646,0.450871,0.316653,2.30411,2.03488,13.743
80384,34.1791248,-118.6146093,6921.64,21515,21882.5,214.587,217.996,302.938,0.674,5.44576,150.502,148.398,-2.10388,2.42798,-0.170288,-12.75,-12.0969,-34.978,10.5,11.6211,39.5996,436.822,934.07,7.20222,217.271,34.9789,53.7343,-109.598,93.098,0.446964,0.313671,2.30411,2.03488,13.6136
80385,34.1774778,-118.6133909,6927.52,21533,21872.5,214.652,218.06,302.938,0.67425,5.52704,150.496,148.431,-2.05444,2.44446,-0.296631,-12.75,-12.1522,-34.9414,10.5,11.5784,37.7295,436.489,933.948,7.20222,217.271,34.9825,53.638,-109.591,92.9502,0.448937,0.314814,2.3041,2.03488,13.6632
80386,34.1758296,-118.6121730,6933.41,21551,21895.5,214.716,218.156,302.938,0.6745,5.44576,150.458,148.442,-1.98303,2.43347,-0.450439,-12.75,-12.1997,-34.978,10.5,11.5442,38.5352,436.156,934.029,7.45944,217.271,34.9862,53.5371,-109.584,93.0379,0.447646,0.31367,2.3041,2.03487,13.6136
80387,34.1741802,-118.6109557,6939.35,21570,21897.5,214.845,218.189,302.938,0.674625,5.44576,150.485,148.469,-1.95557,2.44446,-0.598755,-12.75,-12.2313,-34.9707,10.5,11.5186,38.9648,435.804,933.948,7.45944,216.92,34.9898,53.4772,-109.576,93.1419,0.448333,0.313898,2.3041,2.03487,13.6235
80388,34.1728602,-118.6099818,6944.1,21588,21904,214.845,218.221,302.875,0.674875,5.44576,150.474,148.48,-1.97754,2.45544,-0.664673,-12.75,-12.2944,-35,10.5,11.4673,39.8779,435.471,934.07,7.45944,216.92,34.9935,53.4503,-109.569,93.0262,0.44737,0.312985,2.30409,2.03487,13.5839
80389,34.1705497,-118.6082773,6952.46,21606,21927,214.973,218.221,302.812,0.674875,5.44576,150.463,148.491,-1.97205,2.42798,-0.703125,-13,-12.357,-34.9707,10.5,11.3989,40.957,435.139,933.989,7.45944,216.568,34.9971,53.5945,-109.562,92.8658,0.449018,0.313898,2.25787,1.98922,13.9024
80390,34.1688989,-118.6070594,6958.47,21624,21933,214.973,218.253,302.75,0.675,5.52704,150.463,148.486,-1.96106,2.4115,-0.741577,-13,-12.3808,-35.0366,10.5,11.3818,39.1455,434.807,934.07,7.45944,216.568,35.0008,53.6643,-109.554,92.7905,0.446424,0.311847,2.25787,1.98922,13.8116
80391,34.1675778,-118.6060850,6963.28,21643,21930,215.038,218.253,302.688,0.675125,5.52704,150.419,148.497,-1.95007,2.42798,-0.807495,-13,-12.5454,-35.0439,10.5,11.2109,38.4814,434.456,934.151,7.71666,216.568,35.0044,53.4733,-109.547,92.9136,0.446458,0.31162,2.25786,1.98921,13.8015
80392,34.1659260,-118.6048661,6969.24,21661,21893.5,215.166,218.221,302.562,0.675,5.60832,150.408,148.486,-1.92261,2.43896,-0.818481,-13,-12.5217,-35.0659,10.5,11.228,36.6846,434.124,933.989,7.71666,216.568,35.008,53.303,-109.539,92.8964,0.445823,0.310939,2.25786,1.98921,13.7714
80393,34.1642740,-118.6036466,6975.18,21679,21907.5,215.231,218.221,302.438,0.675125,5.52704,150.403,148.48,-1.90613,2.42249,-0.807495,-13,-12.5768,-35.0366,10.25,11.1768,36.4648,433.792,933.989,7.71666,216.568,35.0117,53.3904,-109.532,93.1755,0.447467,0.311846,2.25786,1.98921,13.8116
80394,34.1626215,-118.6024264,6981.17,21698,21881,215.231,218.189,302.375,0.675125,5.60832,150.353,148.469,-1.89514,2.40601,-0.802002,-13.25,-12.6003,-35.0513,10.25,11.1511,35.0195,433.442,933.989,7.71666,216.568,35.0154,53.4812,-109.525,93.2427,0.447175,0.311392,2.21246,1.9445,14.0744
80395,34.1612994,-118.6014498,6985.99,21716,21906,215.423,218.189,302.25,0.675125,5.60832,150.337,148.469,-1.87317,2.4115,-0.818481,-13.25,-12.6551,-35.0806,10.25,11.0913,34.4336,433.111,934.07,7.71666,216.568,35.019,53.5665,-109.517,93.0896,0.446214,0.310485,2.21246,1.9445,14.0335
80396,34.1589849,-118.5997396,6994.49,21735,21958,215.423,218.189,302.188,0.67525,5.60832,150.32,148.458,-1.88416,2.42249,-0.85144,-13.25,-12.8041,-35.0879,10.25,10.9375,36.25,432.762,934.029,7.71666,216.568,35.0227,53.6906,-109.51,93.2194,0.446248,0.310258,2.21246,1.94449,14.0233
80397,34.1579930,-118.5990060,6998.16,21753,21944,215.552,218.253,302.188,0.6755,5.60832,150.331,148.453,-1.88965,2.40051,-0.840454,-13.25,-12.7967,-35.0659,10,10.9631,33.8525,432.431,934.07,7.71666,216.92,35.0263,53.7792,-109.503,93.1473,0.447568,0.310937,2.21245,1.94449,14.054
80398,34.1560083,-118.5975379,7005.51,21772,21938.5,215.552,218.349,302.25,0.675875,5.60832,150.309,148.436,-1.87317,2.38953,-0.812988,-13.5,-12.8522,-35.1172,10,10.929,31.3867,432.082,933.948,7.71666,216.92,35.03,53.9322,-109.495,93.0643,0.445648,0.309354,2.16787,1.9007,14.27
80399,34.1543538,-118.5963135,7011.67,21792,21948.5,215.681,218.414,302.312,0.67625,5.6896,150.276,148.431,-1.86768,2.39502,-0.834961,-13.5,-12.9155,-35.1465,10,10.8862,31.7529,431.715,934.029,7.71666,216.92,35.0336,54.1191,-109.488,92.9076,0.444727,0.308453,2.16787,1.9007,14.2284
80400,34.1526987,-118.5950887,7017.77,21810,21942.5,215.681,218.542,302.438,0.67675,5.6896,150.293,148.42,-1.88416,2.39502,-0.85144,-13.5,-12.9478,-35.1904,10,10.8862,34.1211,431.384,934.029,7.71666,216.92,35.0373,53.9448,-109.48,92.9043,0.443122,0.307106,2.16787,1.9007,14.1663
80401,34.1510432,-118.5938633,7023.8,21829,21914,215.809,218.735,302.625,0.6775,5.60832,150.315,148.409,-1.90063,2.39502,-0.840454,-13.75,-12.9258,-35.1978,10,10.9631,33.1494,431.036,934.029,7.45944,217.271,35.0409,54.083,-109.473,92.7908,0.443156,0.306882,2.12409,1.85781,14.4477
80402,34.1493874,-118.5926372,7029.81,21848,21896,215.874,219.025,302.938,0.678375,5.6896,150.342,148.409,-1.92261,2.38403,-0.807495,-13.75,-13.0214,-35.2124,10,10.9204,31.5088,430.688,934.07,7.45944,217.271,35.0446,54.1631,-109.466,92.59,0.442867,0.306434,2.12409,1.85781,14.4266
80403,34.1480624,-118.5916555,7034.6,21866,21829.5,215.938,219.314,303.25,0.679375,5.6896,150.37,148.392,-1.93909,2.39502,-0.681152,-13.75,-13.1096,-35.1904,10,10.8948,32.6123,430.358,933.989,7.71666,216.92,35.0482,54.2279,-109.458,92.555,0.444178,0.307105,2.12408,1.85781,14.4582
80404,34.1457430,-118.5899369,7042.91,21884,21774.5,216.002,219.539,303.5,0.680125,5.60832,150.381,148.387,-1.99402,2.39502,-0.571289,-13.75,-13.0721,-35.2051,10,10.9888,34.4531,430.029,933.989,7.71666,216.92,35.0519,54.0606,-109.451,92.6689,0.443869,0.306657,2.12408,1.85781,14.4372
80405,34.1440862,-118.5887090,7048.85,21903,21702,216.066,219.796,303.812,0.681,5.60832,150.408,148.381,-2.05444,2.41699,-0.576782,-14,-13.0193,-35.2563,10,11.1084,35.0391,429.682,933.948,7.71666,216.568,35.0556,53.8544,-109.444,92.6848,0.441963,0.305094,2.08109,1.81581,14.6603
80406,34.1427605,-118.5877265,7053.62,21922,21697.5,216.066,220.086,304.125,0.682,5.60832,150.469,148.365,-2.05444,2.41699,-0.527344,-14,-13.1076,-35.293,10,11.0828,36.4795,429.334,934.029,7.71666,216.568,35.0592,53.833,-109.436,92.7169,0.440707,0.303982,2.08109,1.81581,14.6069
80407,34.1411029,-118.5864980,7059.64,21939,21672,216.195,219.957,303.812,0.6815,5.52704,150.535,148.376,-2.14783,2.42249,-0.472412,-14,-13.1377,-35.2783,10,11.0144,36.6797,429.024,934.029,7.71666,216.216,35.0629,53.7398,-109.429,92.7867,0.441671,0.304426,2.08109,1.81581,14.6282
80408,34.1394450,-118.5852695,7065.68,21957,21760,216.259,219.861,303.562,0.681125,5.52704,150.562,148.381,-2.10938,2.4115,-0.472412,-13.75,-13.1369,-35.3223,10,10.9888,37.0166,428.695,933.948,7.97388,215.865,35.0666,53.7343,-109.422,92.7682,0.440075,0.303095,2.12407,1.8578,14.2695
80409,34.1377866,-118.5840411,7071.82,21976,21795,216.259,219.796,303.312,0.680875,5.52704,150.612,148.392,-2.18628,2.40601,-0.455933,-13.75,-13.1676,-35.3149,10,10.9375,34.4238,428.349,934.029,7.97388,215.865,35.0702,53.7476,-109.414,92.7008,0.440753,0.303316,2.12407,1.85779,14.2799
80410,34.1364596,-118.5830584,7076.72,21995,21809,216.324,219.796,303.188,0.680875,5.6896,150.639,148.376,-2.2467,2.4115,-0.395508,-13.75,-13.2849,-35.3296,10,10.8093,32.5781,428.003,934.029,7.97388,215.865,35.0739,53.7676,-109.407,92.5046,0.440465,0.302873,2.12407,1.85779,14.2591
80411,34.1348003,-118.5818300,7082.87,22014,21882.5,216.388,219.796,303.062,0.680875,5.6896,150.661,148.387,-2.27417,2.39502,-0.32959,-13.75,-13.2458,-35.3442,10,10.8521,33.0225,427.656,933.948,8.2311,215.865,35.0775,53.4963,-109.399,92.3809,0.440177,0.30243,2.12406,1.85779,14.2383
80412,34.1324757,-118.5801101,7091.52,22033,21900,216.452,219.764,303,0.680875,5.6896,150.727,148.398,-2.27966,2.37305,-0.280151,-14,-13.3008,-35.4028,10,10.8008,36.4014,427.311,934.07,8.2311,215.865,35.0812,53.427,-109.392,92.3287,0.437964,0.300667,2.08108,1.81579,14.4477
80413,34.1311469,-118.5791276,7096.44,22053,21946,216.517,219.828,303,0.681125,5.77088,150.743,148.414,-2.30164,2.36755,-0.247192,-14,-13.3949,-35.4028,9.75,10.7068,34.7803,426.947,933.785,8.2311,216.216,35.0849,53.475,-109.385,92.2242,0.438337,0.300666,2.08107,1.81579,14.4477
80414,34.1294854,-118.5778996,7102.54,22070,22001.5,216.517,219.861,302.938,0.681375,5.6896,150.754,148.436,-2.28516,2.36755,-0.192261,-14,-13.4658,-35.3955,9.75,10.647,33.75,426.638,933.704,8.2311,216.216,35.0885,53.4352,-109.377,92.0622,0.438975,0.300886,2.08107,1.81579,14.4582
80415,34.1278229,-118.5766721,7108.6,22090,22070,216.581,219.828,302.875,0.681375,5.6896,150.743,148.458,-2.2522,2.35657,-0.186768,-14,-13.5675,-35.4175,9.75,10.5359,33.0273,426.274,933.541,8.48833,216.568,35.0922,53.4572,-109.37,91.9179,0.438386,0.300226,2.08107,1.81579,14.4265
80416,34.1261598,-118.5754449,7114.65,22109,22096,216.71,219.796,302.75,0.681375,5.6896,150.749,148.48,-2.24121,2.35657,-0.252686,-14.25,-13.5206,-35.4468,9.75,10.5872,33.6768,425.929,933.094,8.48833,216.568,35.0959,53.2673,-109.363,91.772,0.437458,0.299349,2.03886,1.77466,14.6822
80417,34.1244957,-118.5742184,7120.67,22128,22078,216.71,219.828,302.688,0.6815,5.6896,150.782,148.502,-2.2467,2.32361,-0.351562,-14.25,-13.6147,-35.4468,9.5,10.4932,33.6768,425.584,932.89,8.48833,216.92,35.0995,53.0423,-109.355,91.6976,0.437812,0.299349,2.03886,1.77466,14.6822
80418,34.1228308,-118.5729921,7126.63,22147,22025,216.71,219.957,302.75,0.682,5.77088,150.837,148.524,-2.2467,2.32361,-0.406494,-14.25,-13.7643,-35.4761,9.5,10.365,32.0508,425.24,932.768,8.48833,216.92,35.1032,52.9622,-109.348,91.7382,0.436886,0.298474,2.03886,1.77466,14.6393
80419,34.1208318,-118.5715212,7133.65,22165,21984,216.902,219.989,302.812,0.68225,5.6896,150.886,148.546,-2.3291,2.3291,-0.428467,-14.25,-13.6163,-35.5566,9.5,10.5444,31.709,424.914,932.524,8.48833,217.271,35.1068,52.9331,-109.341,91.7538,0.433713,0.296081,2.03885,1.77465,14.5219
80420,34.1191652,-118.5702954,7139.42,22183,21868.5,216.902,220.021,302.688,0.682375,5.60832,150.958,148.552,-2.37854,2.31812,-0.43396,-14.25,-13.7182,-35.5713,9.5,10.4419,30.3516,424.588,932.158,8.74555,217.623,35.1105,53.1389,-109.333,91.8655,0.43341,0.295647,2.03885,1.77465,14.5007
80421,34.1178313,-118.5693149,7144.03,22200,21757.5,216.967,220.053,302.688,0.6825,5.44576,151.002,148.563,-2.43896,2.31262,-0.422974,-14.5,-13.7498,-35.5566,9.5,10.4163,30.0098,424.28,932.036,8.74555,217.623,35.1142,53.3167,-109.326,92.0343,0.43436,0.29608,1.99741,1.73438,14.8232
80422,34.1161632,-118.5680890,7149.71,22218,21732.5,217.031,220.086,302.625,0.682625,5.36448,151.029,148.568,-2.43347,2.31812,-0.362549,-14.5,-13.7735,-35.5713,9.5,10.3992,32.5928,423.954,931.67,8.74555,217.974,35.1178,53.4094,-109.318,92.0778,0.434057,0.295647,1.99741,1.73438,14.8015
80423,34.1144943,-118.5668631,7155.37,22235,21696.5,217.095,220.086,302.5,0.682625,5.2832,150.985,148.59,-2.38953,2.33459,-0.351562,-14.5,-13.7423,-35.5786,9.5,10.4333,29.2822,423.647,931.425,8.74555,218.326,35.1215,53.4387,-109.311,92.2071,0.434054,0.29543,1.9974,1.73438,14.7907
80424,34.1128247,-118.5656371,7161.02,22252,21705,217.16,220.118,302.5,0.68275,5.2832,150.908,148.596,-2.30713,2.3291,-0.41748,-14.5,-13.8363,-35.6006,9.5,10.3394,30.9033,423.34,931.1,9.00277,218.677,35.1252,53.3392,-109.304,92.0658,0.433415,0.294781,1.9974,1.73437,14.7582
80425,34.1114884,-118.5646563,7165.55,22270,21705,217.224,220.214,302.562,0.683125,5.2832,150.875,148.607,-2.23022,2.30164,-0.565796,-14.5,-13.8841,-35.5933,9.5,10.3137,31.1572,423.015,931.019,9.00277,218.677,35.1288,53.146,-109.296,92.2623,0.434065,0.294997,1.9974,1.73437,14.769
80426,34.1098173,-118.5634310,7171.23,22288,21626,217.288,220.311,302.562,0.6835,5.36448,150.903,148.64,-2.2467,2.30713,-0.648193,-14.5,-13.9396,-35.6226,9.5,10.2795,30.1611,422.69,930.734,9.00277,219.029,35.1325,53.2703,-109.289,92.2377,0.433127,0.294134,1.9974,1.73437,14.7258
80427,34.1081456,-118.5622056,7176.92,22305,21657.5,217.353,220.375,302.562,0.68375,5.36448,150.903,148.634,-2.26318,2.29065,-0.681152,-14.5,-13.9793,-35.6885,9.25,10.2539,30.1953,422.384,930.449,9.00277,219.029,35.1361,53.4073,-109.282,92.2387,0.43059,0.2922,1.9974,1.73437,14.629
80428,34.1061386,-118.5607348,7183.74,22323,21692,217.481,220.407,302.562,0.68375,5.36448,150.892,148.645,-2.2522,2.30164,-0.74707,-14.5,-14.0105,-35.6738,9.25,10.2197,28.9502,422.059,930.164,9.00277,219.38,35.1398,53.4979,-109.274,92.1584,0.431553,0.292628,1.99739,1.73437,14.6505
80429,34.1044654,-118.5595087,7189.38,22342,21741,217.546,220.536,302.625,0.68425,5.36448,150.914,148.634,-2.26868,2.29614,-0.796509,-14.75,-14.082,-35.7031,9.25,10.177,29.1992,421.717,930.083,9.00277,219.38,35.1435,53.5251,-109.267,92.0493,0.430638,0.291771,1.9567,1.69493,14.9114
80430,34.1027919,-118.5582823,7194.99,22360,21753.5,217.546,220.632,302.688,0.684625,5.36448,150.919,148.634,-2.29065,2.29065,-0.812988,-14.75,-14.0751,-35.6738,9.25,10.2112,29.4092,421.393,929.798,9.00277,219.38,35.1471,53.6409,-109.26,92.0726,0.432235,0.292627,1.9567,1.69493,14.9551
80431,34.1011181,-118.5570551,7200.61,22377,21780,217.674,220.729,302.75,0.685,5.2832,150.947,148.634,-2.31812,2.27966,-0.796509,-14.75,-14.1697,-35.7397,9.25,10.1343,28.5449,421.087,929.513,9.00277,219.38,35.1508,53.7225,-109.252,92.1582,0.429702,0.290703,1.9567,1.69493,14.8568
80432,34.0994441,-118.5558272,7206.22,22394,21837,217.738,220.825,302.812,0.685375,5.36448,150.985,148.623,-2.3291,2.26318,-0.752563,-14.75,-14.1784,-35.7544,9.25,10.1514,28.1006,420.781,929.269,9.00277,219.732,35.1545,53.6259,-109.245,92.1339,0.429383,0.290276,1.9567,1.69493,14.835
80433,34.0974346,-118.5543534,7212.97,22411,21797.5,217.803,220.889,302.875,0.685625,5.2832,150.985,148.618,-2.34009,2.28516,-0.74707,-14.75,-14.2493,-35.769,9.25,10.0916,29.7412,420.476,929.147,9.00277,219.732,35.1581,53.462,-109.238,92.1907,0.429064,0.28985,1.9567,1.69493,14.8133
80434,34.0957593,-118.5531245,7218.58,22429,21830,217.867,221.05,303,0.68625,5.20192,150.963,148.612,-2.33459,2.29614,-0.74707,-15,-14.2196,-35.791,9.25,10.1685,31.9238,420.153,928.862,9.00277,219.732,35.1618,53.2969,-109.23,92.3885,0.42845,0.289213,1.91675,1.65632,15.0887
80435,34.0944188,-118.5521411,7223.09,22446,21915.5,217.931,221.179,303.125,0.68675,5.2832,150.974,148.623,-2.36206,2.30164,-0.780029,-15,-14.4473,-35.791,9.25,9.95483,31.9629,419.848,928.699,9.00277,219.732,35.1655,53.3877,-109.223,92.5563,0.428761,0.289213,1.91675,1.65632,15.0887
