flight/DC8/seac4rs-dc8hskping_dc8_20130802_rb.ict
67,1001
Project Office
NSERC - National Suborbital Education and Research Center
DC-8 Data Acquisition and Distribution
SEAC4RS 2013 - Studies of Emissions and Atmospheric Composition, Clouds and Climate Coupling by Regional Surveys
1,1
2013,08,02,2013,08,07
1
Start_UTC,seconds
34
1,1,1,1,1,1,1,1,1,1,1,1,1,1,1,1,1,1,1,1,1,1,1,1,1,1,1,1,1,1,1,1,1,1
-9999,-9999,-9999,-9999,-9999,-9999,-9999,-9999,-9999,-9999,-9999,-9999,-9999,-9999,-9999,-9999,-9999,-9999,-9999,-9999,-9999,-9999,-9999,-9999,-9999,-9999,-9999,-9999,-9999,-9999,-9999,-9999,-9999,-9999
Latitude, deg
Longitude, deg
GPS_Altitude, m
Pressure_Altitude, feet
Radar_Altitude, feet
Ground_Speed, m/s
True_Air_Speed, m/s
Indicated_Air_Speed, kts
Mach_Number, mach
Vertical_Speed, m/s
True_Heading, deg (0-360)
Track_Angle, deg (0-360)
Drift_Angle, deg
Pitch_Angle, deg (+-180)
Roll_Angle, deg (+-180)
Static_Air_Temp, Celsius
Static_Air_Temp_Experimenter, Celsius, Calculated from Rosemount 102E4AL TAT Sensor
Dew_Point_3-Stage, Celsius, Edgetech 3-Stage Hygrometer
TAT_Aircraft, Celsius
TAT_Experimenter, Celsius, Rosemount 102E4AL TAT Sensor
IR_Surf_Temp, Celsius
Static_Pressure, mb
Cabin_Pressure, mb
Wind_Speed, m/s
Wind_Direction, deg (0-360)
Solar_Zenith_Angle, deg
Aircraft_Sun_Elevation, deg
Sun_Azimuth, deg
Aircraft_Sun_Azimuth, deg
Mixing_Ratio, g/kg, From Edgetech 3-Stage Hygrometer
Part_Press_Water_Vapor, mb, From Edgetech 3-Stage Hygrometer
Sat_Vapor_Press_H2O, mb
Sat_Vapor_Press_Ice, mb
Relative_Humidity_H2O, Percent, From Edgetech 3-Stage Hygrometer
1
Preliminary Data
18
PI_CONTACT_INFO: http://www.nserc.und.edu/about/contact.html
Platform: NASA DC-8
LOCATION: Included in data records
ASSOCIATED_DATA: N/A
INSTRUMENT_INFO:http://www.nserc.und.edu/PDFs/ExperimenterHandbook.pdf
DATA_INFO: http://www.nserc.und.edu/PDFs/ExperimenterHandbook.pdf
UNCERTAINTY: NA
ULOD_FLAG: -7777
ULOD_VALUE: N/A
LLOD_FLAG: -8888
LLOD_VALUE: N/A;
DM_CONTACT_INFO: Eric Buzay
PROJECT_INFO: N/A
STIPULATIONS_ON_USE: N/A
OTHER_COMMENTS: N/A
REVISION: Rb
Rb: This is Preliminary Data.
Start_UTC,Latitude,Longitude,GPS_Altitude,Pressure_Altitude,Radar_Altitude,Ground_Speed,True_Air_Speed,Indicated_Air_Speed,Mach_Number,Vertical_Speed,True_Heading,Track_Angle,Drift_Angle,Pitch_Angle,Roll_Angle,Static_Air_Temp,Static_Air_Temp_Experimenter,Dew_Point_3-Stage,TAT_Aircraft,TAT_Experimenter,IR_Surf_Temp,Static_Pressure,Cabin_Pressure,Wind_Speed,Wind_Direction,Solar_Zenith_Angle,Aircraft_Sun_Elevation,Sun_Azimuth,Aircraft_Sun_Azimuth,Mixing_Ratio,Part_Press_Water_Vapor,Sat_Vapor_Press_H2O,Sat_Vapor_Press_Ice,Relative_Humidity_H2O
[from data line 10773]
90346,31.0328871,-121.1607500,13092.7,40989,42934.5,223.397,228.51,229.062,0.777,0.16256,147.662,147.667,-1.05469,2.52136,-23.2196,-58,-58.0196,-66.7212,-32,-32.0435,7.37305,178.832,784.793,7.20222,187.037,67.1928,1.47448,-82.663,126.673,0.0261599,0.00752097,0.0238397,0.0141463,31.5481
90347,31.0315444,-121.1597159,13092.6,40989,42940.5,223.526,228.542,229.062,0.777125,0.08128,147.079,146.651,-1.00525,2.57629,-23.5327,-57.75,-58.0956,-66.7139,-32,-32.1204,7.3877,178.832,784.915,7.20222,186.685,67.1977,1.89474,-82.6597,127.271,0.0261865,0.00752862,0.0246014,0.0146238,30.6024
90348,31.0295530,-121.1581222,13092.5,40989,42935,223.655,228.445,228.938,0.776875,-0,145.887,145.624,-1.4502,2.65869,-24.3622,-57.75,-58.1798,-66.6846,-32,-32.2314,7.32422,178.832,784.915,7.20222,187.388,67.2026,1.39497,-82.6565,128.251,0.0262933,0.00755932,0.0246014,0.0146238,30.7272
90349,31.0282414,-121.1570311,13092.5,40988,42833.5,223.783,228.606,229.125,0.777375,-0,144.514,144.564,-1.31836,2.80151,-25.1917,-58,-58.0496,-66.7358,-32,-32.052,7.44141,178.841,784.752,7.20222,187.74,67.2075,1.06924,-82.6532,129.404,0.0261055,0.00750568,0.0238397,0.0141463,31.484
90350,31.0262987,-121.1553493,13092.8,40988,42961,223.912,228.606,229.188,0.777375,-0.08128,143.789,143.509,-0.999756,2.90588,-25.9607,-58,-57.9657,-66.7139,-32,-31.958,7.41211,178.841,784.793,6.94499,187.388,67.2125,0.323018,-82.6499,129.912,0.0261853,0.00752862,0.0238397,0.0141463,31.5802
90351,31.0250218,-121.1541978,13093.1,40988,42889,224.04,228.413,228.938,0.77675,-0.08128,142.306,142.377,-1.40625,2.87842,-26.5979,-57.75,-57.9741,-66.7358,-32,-32.0093,7.30957,178.841,784.752,6.94499,188.091,67.2175,-0.00302254,-82.6466,131.137,0.0261055,0.00750568,0.0246014,0.0146238,30.5092
90352,31.0231370,-121.1524249,13093.8,40990,42968,224.169,228.349,228.812,0.776375,0.08128,140.823,141.196,-1.10413,2.79053,-26.6858,-57.75,-58.0128,-66.6919,-32,-32.0776,7.34375,178.824,784.671,6.94499,187.74,67.2225,0.595044,-82.6433,132.526,0.0262678,0.00755163,0.0246014,0.0146238,30.6959
90353,31.0219021,-121.1512111,13094.5,40993,43005.5,224.298,228.317,228.812,0.776375,0.4064,140.043,139.966,-0.85144,2.69714,-26.7188,-57.75,-58.028,-66.7285,-32,-32.0947,7.20215,178.798,784.752,6.68777,187.388,67.2276,0.161509,-82.64,133.08,0.0261383,0.00751332,0.0246014,0.0146238,30.5402
90354,31.0200859,-121.1493416,13095.5,40996,42945,224.362,228.445,228.938,0.776875,0.65024,138.532,138.752,-1.2854,2.68616,-26.9165,-57.75,-57.9892,-66.7139,-32,-32.0178,7.39258,178.772,784.874,6.68777,187.74,67.2327,0.722985,-82.6366,134.463,0.0261953,0.00752862,0.0246014,0.0146238,30.6024
90355,31.0186006,-121.1477463,13096.3,41000,42944.5,224.491,228.413,228.875,0.776625,0.8128,136.95,137.538,-0.98877,2.70264,-27.0428,-57.75,-57.8904,-66.6992,-32,-31.9238,7.77832,178.738,784.752,6.68777,187.037,67.2378,1.1382,-82.6333,135.872,0.0262537,0.00754395,0.0246014,0.0146238,30.6647
90356,31.0168558,-121.1457831,13097.2,41001,42983,224.619,228.445,228.875,0.776625,0.73152,136.165,136.329,-0.615234,2.71362,-27.323,-57.75,-57.9591,-66.7065,-31.75,-32.0007,7.58301,178.729,784.752,6.43055,185.982,67.2429,1.15747,-82.63,136.558,0.0262283,0.00753628,0.0246014,0.0146238,30.6336
90357,31.0157171,-121.1444452,13097.7,41004,42949.5,224.683,228.188,228.5,0.775625,0.65024,134.731,135.104,-1.05469,2.69165,-27.7515,-57.75,-57.9223,-66.7358,-31.75,-32.0264,7.42676,178.703,784.915,6.43055,185.982,67.2481,1.52673,-82.6266,137.84,0.0261255,0.00750568,0.0246014,0.0146238,30.5092
90358,31.0143213,-121.1427406,13098.3,41007,42932,224.812,228.059,228.375,0.77525,0.73152,133.275,133.852,-0.873413,2.69165,-28.0316,-57.75,-57.8618,-66.6772,-32,-31.9836,7.22656,178.678,784.752,6.17333,185.279,67.2533,1.54085,-82.6233,139.041,0.0263428,0.007567,0.0246014,0.0146238,30.7584
90359,31.0129558,-121.1410017,13098.9,41010,42960.5,225.005,228.285,228.625,0.776,0.89408,132.517,132.589,-0.681152,2.66968,-28.1195,-57.75,-57.9142,-66.6992,-31.75,-31.9922,7.50977,178.652,784.915,6.17333,184.576,67.2585,1.46797,-82.62,139.665,0.0262664,0.00754395,0.0246014,0.0146238,30.6647
90360,31.0118877,-121.1395821,13099.4,41011,42962.5,225.069,228.285,228.562,0.776,0.73152,130.984,131.325,-1.18652,2.63672,-28.0701,-57.75,-57.876,-66.7432,-31.75,-31.9495,7.25586,178.643,784.915,5.91611,184.927,67.2638,1.75663,-82.6166,140.955,0.0261078,0.00749804,0.0246014,0.0146237,30.4781
90361,31.0103258,-121.1374104,13100.1,41013,43025.5,225.198,228.156,228.438,0.775625,0.56896,129.479,130.045,-0.933838,2.59277,-28.0811,-57.75,-57.9071,-66.7578,-32,-32.0093,6.98242,178.626,784.793,5.91611,184.576,67.2691,2.19699,-82.6133,142.274,0.0260572,0.00748279,0.0246014,0.0146237,30.4162
90362,31.0093130,-121.1359350,13100.3,41013,42972.5,225.391,228.285,228.562,0.776,0.4064,128.661,128.765,-0.708618,2.58728,-28.0975,-57.75,-57.9981,-66.7358,-31.75,-32.0862,7.07031,178.626,784.752,5.65888,183.873,67.2743,2.79941,-82.6099,143.093,0.0261368,0.00750567,0.0246014,0.0146237,30.5092
90363,31.0078358,-121.1336816,13100.5,41013,42896,225.455,228.349,228.625,0.77625,0.24384,127.101,127.491,-1.16455,2.58728,-28.0975,-57.75,-57.8681,-66.7725,-31.75,-31.9238,6.96777,178.626,784.874,5.65888,184.224,67.2797,3.10396,-82.6066,144.375,0.0260042,0.00746758,0.0246014,0.0146237,30.3543
90364,31.0068783,-121.1321533,13100.5,41014,42935,225.712,228.349,228.625,0.77625,0.16256,125.524,126.211,-0.884399,2.55981,-28.1744,-57.75,-57.8299,-66.7285,-31.75,-31.8811,7.1582,178.618,784.793,5.65888,183.521,67.285,3.60251,-82.6033,145.749,0.0261647,0.00751332,0.0246014,0.0146237,30.5402
90365,31.0054862,-121.1298224,13100.5,41014,42850,225.841,228.349,228.625,0.77625,0.08128,124.739,124.948,-0.571289,2.54333,-28.2513,-57.75,-57.9824,-66.7358,-31.75,-32.052,6.84082,178.618,784.793,5.40166,182.818,67.2904,3.74449,-82.5999,146.373,0.0261381,0.00750567,0.0246014,0.0146237,30.5092
90366,31.0045877,-121.1282436,13100.4,41014,42947,225.97,228.22,228.438,0.77575,0,123.201,123.651,-1.08215,2.52686,-28.2349,-57.75,-57.9374,-66.7871,-31.75,-32.0349,6.95312,178.618,784.834,5.40166,182.818,67.2957,4.23299,-82.5966,147.641,0.0259525,0.00745239,0.0246014,0.0146237,30.2926
90367,31.0034988,-121.1262424,13100.3,41015,42952.5,226.098,228.092,228.312,0.77525,0,121.696,122.36,-0.834961,2.4939,-28.147,-57.75,-57.9305,-66.7505,-31.75,-32.0605,6.49902,178.609,784.834,5.14444,182.466,67.3012,4.84299,-82.5932,148.895,0.0260862,0.00749041,0.0246014,0.0146237,30.4471
90368,31.0022425,-121.1238027,13100,41015,42982,226.355,227.995,228.25,0.775,0,120.921,121.069,-0.620728,2.46094,-28.0646,-57.75,-57.9156,-66.8018,-31.75,-32.0605,6.29883,178.609,784.752,5.14444,182.115,67.3066,5.26318,-82.5899,149.615,0.025901,0.00743723,0.0246014,0.0146237,30.2309
90369,31.0014359,-121.1221540,13099.9,41014,42952.5,226.42,227.834,228,0.774375,-0,119.399,119.784,-1.13159,2.44995,-28.0865,-57.75,-57.8555,-66.7651,-31.75,-32.0349,6.31836,178.618,784.834,5.14444,182.818,67.312,5.92128,-82.5866,150.935,0.0260319,0.00747518,0.0246014,0.0146237,30.3852
90370,31.0002736,-121.1196481,13099.8,41013,42995.5,226.677,227.738,227.875,0.774,-0,117.872,118.51,-0.884399,2.44995,-28.1635,-57.75,-57.8255,-66.7432,-31.75,-32.0264,6.95801,178.626,784.956,4.88722,182.818,67.3175,6.5643,-82.5832,152.243,0.0261103,0.00749804,0.0246014,0.0146237,30.4781
90371,30.9991680,-121.1171047,13099.5,41012,42862,226.87,227.706,227.938,0.774,-0.16256,117.103,117.235,-0.631714,2.43896,-28.1195,-57.75,-57.8789,-66.6846,-32,-32.0862,6.89453,178.635,784.793,4.63,183.17,67.323,6.97062,-82.5799,152.883,0.0263224,0.00755931,0.0246014,0.0146237,30.7272
90372,30.9984633,-121.1153890,13099.2,41012,42887.5,227.063,227.867,228.125,0.774625,-0.16256,115.571,115.955,-1.14258,2.4115,-27.9932,-57.75,-58.0153,-66.7358,-32,-32.1973,7.15332,178.635,784.874,4.63,183.873,67.3285,7.84351,-82.5766,154.342,0.0261356,0.00750567,0.0246014,0.0146237,30.5092
90373,30.9976182,-121.1132235,13099.1,41011,42955,227.191,227.931,228.25,0.774875,-0.24384,114.005,114.681,-0.884399,2.39502,-27.9272,-57.75,-58.0302,-66.7651,-32,-32.1973,7.0459,178.643,784.834,4.63,184.576,67.334,8.40346,-82.5733,155.581,0.0260282,0.00747518,0.0246014,0.0146237,30.3852
90374,30.9968122,-121.1110368,13098.9,41008,42990,227.384,227.77,228.062,0.774375,-0.32512,113.209,113.401,-0.598755,2.39502,-28.0042,-57.75,-57.886,-66.7578,-32,-32.0691,7.20215,178.669,784.834,4.37277,184.576,67.3395,8.77425,-82.57,156.368,0.0260509,0.0074828,0.0246014,0.0146238,30.4162
90375,30.9962001,-121.1092690,13098.7,41006,42930,227.513,227.834,228.125,0.7745,-0.4064,111.616,112.137,-1.06567,2.39502,-28.2129,-57.75,-57.9316,-66.7798,-32,-32.1118,6.97266,178.686,784.834,4.37277,185.63,67.345,9.03048,-82.5667,157.309,0.025969,0.00745998,0.0246014,0.0146238,30.3234
90376,30.9954776,-121.1070363,13098.2,41005,42892.5,227.706,227.77,228.062,0.77425,-0.48768,110.083,110.869,-0.741577,2.38953,-28.2733,-57.75,-57.9014,-66.8018,-32,-32.0947,7.28027,178.695,784.793,4.37277,185.982,67.3506,9.63291,-82.5634,158.598,0.0258885,0.00743723,0.0246014,0.0146238,30.2309
90377,30.9946609,-121.1043350,13097.5,41005,42877,227.899,227.674,227.938,0.774,-0.32512,109.286,109.572,-0.505371,2.36206,-28.2678,-57.75,-57.9095,-66.8237,-32,-32.1204,6.83594,178.695,784.793,4.11555,186.685,67.3561,10.0079,-82.5601,159.429,0.0258096,0.00741454,0.0246014,0.0146238,30.1387
90378,30.9940267,-121.1020641,13096.9,41003,42884.5,228.027,227.674,227.938,0.774,-0.32512,107.737,108.298,-0.983276,2.34009,-28.3228,-57.75,-57.8255,-66.7432,-32,-32.0264,6.63086,178.712,784.834,4.11555,187.74,67.3617,10.6753,-82.5568,160.762,0.0260977,0.00749804,0.0246014,0.0146238,30.4781
90379,30.9935508,-121.1002349,13096.7,41002,42873.5,228.22,227.834,228.125,0.7745,-0.32512,106.232,107.007,-0.725098,2.32361,-28.1854,-57.75,-57.9774,-66.7944,-32,-32.1631,7.4707,178.721,784.834,3.85833,188.795,67.3673,11.2937,-82.5536,162.128,0.0259112,0.00744481,0.0246014,0.0146238,30.2617
90380,30.9928894,-121.0974711,13096.3,41001,42910.5,228.413,227.738,228.062,0.774375,-0.32512,105.474,105.716,-0.510864,2.30164,-28.125,-57.75,-57.8936,-66.7944,-32,-32.0776,7.13379,178.729,784.915,3.85833,189.498,67.3728,11.5972,-82.5503,162.618,0.0259099,0.00744481,0.0246014,0.0146238,30.2617
90381,30.9923874,-121.0951494,13095.8,41000,42872.5,228.606,227.738,228.062,0.774375,-0.24384,103.887,104.447,-1.02173,2.33459,-28.2733,-57.75,-57.947,-66.8018,-32,-32.1375,7.24121,178.738,784.752,3.85833,190.552,67.3784,12.1258,-82.5471,163.874,0.0258823,0.00743723,0.0246014,0.0146238,30.2309
90382,30.9920164,-121.0932828,13095.4,40998,42948,228.799,227.674,227.938,0.773875,-0.4064,102.343,103.195,-0.686646,2.37854,-28.3832,-57.75,-58.0012,-66.7871,-32,-32.2314,7.44141,178.755,784.874,3.60111,191.959,67.384,12.7988,-82.5439,165.166,0.0259326,0.00745239,0.0246014,0.0146238,30.2926
90383,30.9915131,-121.0904673,13094.8,40996,42938,228.992,227.481,227.75,0.773375,-0.4064,101.569,101.915,-0.422974,2.35657,-28.2843,-57.75,-57.9181,-66.7944,-32,-32.1716,7.42676,178.772,784.834,3.60111,193.365,67.3896,13.158,-82.5407,165.856,0.0259037,0.00744481,0.0246014,0.0146238,30.2617
90384,30.9912134,-121.0885804,13094.2,40995,42896,229.185,227.416,227.75,0.773125,-0.32512,100.036,100.64,-0.922852,2.32361,-28.1799,-57.75,-57.9414,-66.8091,-32,-32.2144,7.14844,178.781,784.793,3.60111,195.123,67.3952,13.8508,-82.5375,167.207,0.0258498,0.00742966,0.0246014,0.0146238,30.2002
90385,30.9908174,-121.0857373,13093.3,40993,42950.5,229.313,227.416,227.75,0.773125,-0.4064,98.5583,99.3604,-0.670166,2.33459,-28.1085,-57.75,-57.9719,-66.8091,-32,-32.2485,8.22754,178.798,784.874,3.34389,196.88,67.4008,14.5965,-82.5343,168.463,0.0258473,0.00742966,0.0246014,0.0146238,30.2002
90386,30.9904861,-121.0828807,13092.5,40991,42943,229.506,227.545,227.875,0.773625,-0.48768,97.7783,98.1024,-0.450439,2.34558,-28.0042,-57.75,-57.9329,-66.8237,-32,-32.1716,7.89062,178.815,784.874,3.34389,199.341,67.4065,15.0675,-82.5311,169.14,0.0257922,0.00741454,0.0246014,0.0146238,30.1387
90387,30.9903013,-121.0809697,13092,40988,42900.5,229.699,227.641,228,0.774,-0.65024,96.2512,96.8335,-0.939331,2.35657,-27.9767,-57.75,-58.0468,-66.8091,-32,-32.2742,7.49512,178.841,784.915,3.34389,201.099,67.4121,15.7048,-82.528,170.437,0.0258411,0.00742966,0.0246014,0.0146238,30.2002
90388,30.9901453,-121.0790540,13091.4,40985,42883,229.892,227.513,227.938,0.7735,-0.73152,94.7186,95.5865,-0.65918,2.37854,-28.0591,-57.75,-57.8797,-66.8091,-32,-32.1204,7.30957,178.867,784.834,3.34389,202.857,67.4177,16.3168,-82.5248,171.756,0.0258373,0.00742966,0.0246014,0.0146238,30.2002
90389,30.9899658,-121.0761728,13090.6,40983,42938,230.085,227.545,227.938,0.773625,-0.73152,93.9276,94.3286,-0.384521,2.38953,-28.1195,-57.75,-57.9177,-66.7944,-32,-32.1545,7.11426,178.884,784.915,3.34389,205.318,67.4233,16.5888,-82.5217,172.557,0.0258875,0.00744481,0.0246014,0.0146238,30.2617
90390,30.9898659,-121.0737660,13089.9,40981,42991,230.214,227.834,228.312,0.77475,-0.73152,92.4335,93.0597,-0.862427,2.37854,-28.0206,-57.75,-57.9236,-66.7725,-32,-32.0862,7.1875,178.901,784.834,3.34389,207.076,67.4289,17.3956,-82.5186,173.721,0.0259642,0.00746758,0.0246014,0.0146238,30.3543
90391,30.9898225,-121.0718362,13089.2,40978,42960,230.407,227.802,228.25,0.774625,-0.65024,90.9009,91.7963,-0.631714,2.37854,-27.9547,-57.75,-57.9619,-66.8237,-32,-32.1375,7.19238,178.927,784.874,3.34389,208.834,67.4345,18.3384,-82.5155,174.612,0.0257761,0.00741455,0.0246014,0.0146238,30.1387
90392,30.9898149,-121.0689385,13088.2,40976,42933,230.6,227.867,228.375,0.774875,-0.65024,90.1208,90.5548,-0.340576,2.41699,-28.092,-57.75,-58.0302,-66.7944,-32,-32.1973,7.08008,178.944,784.915,3.34389,210.943,67.4401,18.8207,-82.5124,175.029,0.0258788,0.00744481,0.0246014,0.0146238,30.2617
90393,30.9898573,-121.0665229,13087.4,40973,42935.5,230.728,227.706,228.188,0.77425,-0.73152,88.5883,89.3134,-0.802002,2.46643,-28.158,-57.75,-58.0846,-66.7871,-32,-32.2998,6.70898,178.97,784.793,3.34389,211.998,67.4457,19.3837,-82.5094,176.831,0.0259015,0.0074524,0.0246014,0.0146238,30.2926
90394,30.9899423,-121.0641067,13086.7,40970,42857,230.921,227.706,228.188,0.77425,-0.8128,87.0282,88.0664,-0.516357,2.44995,-28.158,-57.75,-57.9243,-66.7578,-32,-32.1204,6.61133,178.996,784.712,3.34389,213.755,67.4512,19.9088,-82.5064,178.261,0.0260034,0.0074828,0.0246014,0.0146238,30.4162
90395,30.9900725,-121.0616922,13086,40968,42909.5,231.05,227.77,228.25,0.7745,-0.73152,86.2646,86.8085,-0.214233,2.43896,-28.1525,-57.75,-57.924,-66.8091,-32,-32.1033,6.82617,179.013,784.508,3.34389,216.92,67.4568,20.4964,-82.5033,178.634,0.0258163,0.00742967,0.0246014,0.0146238,30.2002
90396,30.9902528,-121.0592793,13085.4,40966,43003.5,231.178,227.963,228.562,0.775125,-0.65024,84.7211,85.5341,-0.725098,2.45544,-28.2788,-58,-57.9154,-66.8018,-32,-32.052,5.87891,179.03,784.264,3.34389,217.974,67.4624,21.0909,-82.5004,-179.762,0.0258401,0.00743724,0.0238397,0.0141463,31.1968
90397,30.9904242,-121.0573528,13084.9,40963,42990.5,231.371,228.059,228.688,0.7755,-0.65024,83.161,84.2761,-0.439453,2.47742,-28.3063,-57.75,-57.9225,-66.8311,-32,-32.0349,5.43945,179.056,784.427,3.34389,219.732,67.4679,21.8363,-82.4974,-178.273,0.0257313,0.007407,0.0246014,0.0146238,30.108
90398,30.9907364,-121.0544688,13084.2,40962,42935,231.5,227.963,228.5,0.775125,-0.73152,82.4304,83.0072,-0.148315,2.48291,-28.2568,-57.75,-57.923,-66.8237,-32,-32.0605,5.56152,179.065,784.264,3.34389,222.193,67.4735,22.0063,-82.4944,-177.489,0.0257563,0.00741455,0.0246014,0.0146238,30.1387
90399,30.9909813,-121.0525508,13083.8,40960,42854.5,231.628,227.77,228.312,0.774375,-0.48768,80.8704,81.7438,-0.681152,2.48291,-28.2513,-57.75,-57.9013,-66.8384,-32,-32.0862,5.74219,179.082,784.264,3.34389,222.545,67.479,22.6335,-82.4915,-176.278,0.0257014,0.00739946,0.0246014,0.0146238,30.0774
