flight/ER2/SEAC4RS-MMS-1HZ_ER2_20130806_RA.ict
49, 1001                                                                                                                                                                                                
Bui, T. Paul                                                                                                                                                                                            
NASA Ames Research Center                                                                                                                                                                               
MMS - Meteorological Measurement System                                                                                                                                                                 
SEAC4RS                                                                                                                                                                                                 
1, 1                                                                                                                                                                                                    
2013, 08, 06, 2013, 08, 07                                                                                                                                                                              
-1                                                                                                                                                                                                      
TIME_UTC, seconds, elapsed time from 0000 UTC                                                                                                                                                           
15                                                                                                                                                                                                      
0.01, 0.01, 0.01, 0.01, 0.01, 0.001, 0.01, 0.01, 0.00001, 0.00001, 0.1, 0.01, 0.01, 0.01, 0.01                                                                                                          
-99999, -9999, -9999, -99999, -99999, -99999, -9999, -999, -9999999, -99999999, -99999, -9999, -9999, -9999, -9999                                                                                      
P, hPa, Static Pressure                                                                                                                                                                                 
T, K, Static Temperature                                                                                                                                                                                
TAS, m/s, True Air Speed                                                                                                                                                                                
U, m/s, E-W Horizontal Wind Speed                                                                                                                                                                       
[...]
DM_CONTACT_INFO: Jon Dean-Day, Bay Area Environmental Research Institute, 596 First St.                                                                                                                 
West, Sonoma, CA, 95476; email: jonathan.m.dean-day@nasa.gov                                                                                                                                            
PROJECT_INFO: SEAC4RS mission August 1 - September 30, 2013; Houston, TX                                                                                                                                
OTHER_COMMENTS:                                                                                                                                                                                         
..\cv\e_130806.cva                                                                                                                                                                                      
REVISION: RA                                                                                                                                                                                            
RA: FIELD DATA                                                                                                                                                                                          
TIME_UTC, P, T, TAS, U, V, W, TEDR, REYN, G_LAT, G_LONG, G_ALT, POT, ROLL, HDG, PITCH                                                                                                                   
[from data line 28572]
 92065.650,  7085,21267,20800,  -348,   330,  -857,-1281, 459, 3601134,-11901727,192874,45309,    2,11927, -256
 92066.650,  7101,21261,20776,  -337,   314,  -866,-1104, 456, 3601068,-11901609,192874,45265,    6,11920, -238
 92067.650,  7117,21248,20751,  -312,   346, -1008,-1116, 458, 3600919,-11901152,192681,45209,    6,11940, -227
 92068.650,  7134,21249,20708,  -280,   304,  -840,-1085, 453, 3600844,-11900980,192354,45181,   -9,11928, -216
 92069.650,  7151,21252,20672,  -265,   264,  -793,-1102, 448, 3600819,-11900865,191652,45157,   -9,11922, -207
 92070.650,  7166,21253,20628,  -239,   231,  -790, -952, 444, 3600758,-11900673,191019,45132,   -1,11917, -201
 92071.650,  7181,21254,20576,  -207,   195,  -755,-1007, 436, 3600672,-11900475,190939,45107,    0,11911, -197
 92072.650,  7196,21251,20511,  -166,   146,  -760,-1017, 427, 3600587,-11900276,190859,45073,    5,11905, -195
 92073.650,  7212,21250,20457,  -113,   144,  -783, -992, 418, 3600501,-11900078,190779,45043,    2,11897, -198
 92074.650,  7226,21253,20453,  -103,   168,  -845,-1039, 420, 3600416,-11899880,190699,45024,    2,11898, -198
 92075.650,  7243,21253,20445,   -89,   192,  -871,-1059, 424, 3600330,-11899681,190619,44994,    5,11902, -195
 92076.650,  7259,21254,20421,   -63,   202,  -875,-1042, 422, 3600244,-11899482,190540,44968,    9,11907, -196
 92077.650,  7275,21257,20397,   -35,   218,  -900,-1322, 425, 3600167,-11899303,190491,44946,   15,11914, -198
 92078.650,  7290,21260,20382,   -19,   229,  -926,-1052, 427, 3600097,-11899140,190462,44927,   10,11923, -201
 92079.650,  7305,21263,20370,     2,   252, -1018,-1062, 431, 3600033,-11898994,190444,44907,    1,11931, -203
 92080.650,  7323,21260,20352,    28,   274,  -962,-1344, 435, 3599976,-11898860,190433,44868,    3,11938, -201
 92081.650,  7339,21255,20334,    54,   293,  -995,-1351, 439, 3599924,-11898741,190427,44831,    3,11949, -206
 92082.650,  7355,21254,20274,    91,   245,  -963,-1056, 434, 3599877,-11898632,190422,44800,   10,11957, -207
 92083.650,  7371,21251,20220,   138,   224,  -978,-1014, 435, 3599835,-11898533,190420,44765,   18,11960, -217
 92084.650,  7387,21246,20230,   147,   266, -1071,-1179, 440, 3599796,-11898444,190419,44728,   16,11961, -222
 92085.650,  7406,21241,20218,   176,   296,  -980,-1260, 446, 3599761,-11898363,190418,44685,   18,11970, -221
 92086.650,  7424,21243,20228,   170,   308,  -984,-1109, 446, 3599730,-11898290,190417,44657,   18,11979, -223
 92087.650,  7441,21242,20250,   158,   337,  -922,-1204, 450, 3599701,-11898224,190417,44626,   28,11986, -224
 92088.650,  7457,21243,20272,   149,   368,  -937,-1020, 452, 3599675,-11898165,190417,44600,   21,11991, -228
 92089.650,  7475,21244,20271,   151,   376,  -987,-1006, 454, 3599652,-11898110,190417,44572,   14,11998, -230
 92090.650,  7494,21235,20292,   130,   387, -1010, -964, 454, 3598976,-11896601,190253,44521,    4,12002, -230
 92091.650,  7512,21216,20345,   101,   454, -1062,-1157, 461, 3598892,-11896443,189934,44449,    3,12004, -225
 92092.650,  7530,21214,20379,    73,   485, -1047, -959, 462, 3598843,-11896311,188827,44416,    4,12012, -215
 92093.650,  7546,21219,20390,    65,   502,  -896,-1158, 464, 3598810,-11896147,187622,44401,   14,12022, -217
 92094.650,  7564,21228,20384,    78,   525,  -976,-1073, 466, 3598723,-11895918,186937,44389,   12,12025, -215
 92095.650,  7581,21236,20395,    65,   534,  -795,-1024, 467, 3598663,-11895733,186305,44377,   14,12030, -214
 92096.650,  7597,21239,20420,    36,   550,  -770, -988, 468, 3598590,-11895543,185831,44356,   22,12031, -223
 92097.650,  7613,21240,20443,    30,   602,  -916,-1103, 472, 3598507,-11895349,185389,44332,   21,12034, -234
 92098.650,  7631,21245,20465,    15,   631,  -806,-1094, 474, 3598427,-11895154,185061,44313,   24,12041, -233
 92099.650,  7647,21249,20492,    -7,   661,  -647,-1038, 476, 3598346,-11894957,184767,44292,   24,12047, -245
 92100.650,  7665,21256,20503,   -11,   688,  -698,-1075, 477, 3598259,-11894757,184503,44278,   25,12054, -251
 92101.650,  7681,21259,20551,   -56,   715,  -685,-1028, 480, 3598174,-11894560,184356,44258,   23,12064, -268
 92102.650,  7700,21262,20578,   -90,   718,  -668,-1105, 480, 3598089,-11894362,184191,44232,   28,12069, -276
 92103.650,  7719,21253,20621,  -118,   763,  -638,-1114, 483, 3598005,-11894162,183999,44184,   20,12072, -288
 92104.650,  7738,21252,20651,  -139,   790,  -646, -984, 485, 3597920,-11893964,183874,44150,   -7,12073, -292
 92105.650,  7758,21244,20662,  -125,   841,  -647, -995, 487, 3597839,-11893771,183642,44101,  -13,12075, -290
 92106.650,  7777,21241,20667,  -112,   877,  -544,-1156, 489, 3597755,-11893573,183515,44063,   -8,12081, -293
 92107.650,  7796,21239,20670,   -84,   939,  -649, -954, 492, 3597669,-11893375,183356,44029,    1,12089, -296
 92108.650,  7816,21218,20677,   -77,   964,  -399, -985, 494, 3597584,-11893177,183234,43955,    9,12105, -296
 92109.650,  7834,21220,20653,   -79,   918,  -471,-1034, 492, 3597499,-11892980,183086,43929,   20,12112, -308
 92110.650,  7855,21218,20640,   -88,   876,  -362, -969, 490, 3597415,-11892784,182938,43892,   30,12113, -303
 92111.650,  7872,21216,20653,  -107,   868,  -175, -999, 490, 3597330,-11892588,182789,43860,   21,12108, -335
 92112.650,  7891,21205,20684,  -152,   848,  -533, -983, 489, 3597246,-11892391,182641,43806,    7,12103, -346
 92113.650,  7913,21204,20664,  -142,   815,  -349, -924, 488, 3597161,-11892194,182493,43770,   10,12096, -360
 92114.650,  7934,21208,20641,  -104,   822,  -508, -769, 488, 3597086,-11891961,182515,43745,    2,12087, -376
 92115.650,  7956,21214,20602,   -66,   790,  -402, -879, 486, 3597013,-11891770,182432,43723,    4,12086, -387
 92116.650,  7980,21203,20619,  -103,   737,  -532, -961, 484, 3596940,-11891579,182349,43662,    9,12081, -398
 92117.650,  8004,21187,20631,  -123,   702,  -393,-1037, 482, 3596867,-11891387,182267,43592,   15,12071, -403
 92118.650,  8028,21156,20577,   -66,   666,  -520, -977, 479, 3596800,-11891214,182216,43492,   10,12061, -414
 92119.650,  8053,21150,20503,   -11,   583,  -520,-1017, 474, 3596740,-11891058,182186,43441,   12,12053, -420
 92120.650,  8079,21157,20503,   -18,   527,  -465,-1117, 470, 3596698,-11890915,182237,43416,   19,12041, -430
 92121.650,  8105,21153,20499,   -29,   470,  -448,-1101, 465, 3596652,-11890786,182228,43367,   19,12031, -436
 92122.650,  8130,21162,20496,   -34,   416,  -482,-1122, 460, 3596605,-11890657,182220,43347,   12,12015, -443
 92123.650,  8157,21164,20509,   -56,   362,  -510,-1004, 456, 3596563,-11890540,182215,43310,   -1,12002, -445
 92124.650,  8184,21168,20498,   -68,   279,  -536,-1064, 445, 3596092,-11889873,182184,43276,   -3,11982, -447
 92125.650,  8210,21165,20483,   -67,   207,  -468, -914, 436, 3596043,-11889728,182176,43231,    0,11968, -447
 92126.650,  8237,21164,20439,   -35,   135,  -476,-1083, 413, 3595958,-11889530,182173,43189,    0,11945, -451
 92127.650,  8265,21151,20356,    46,    67,  -609, 1019, 395, 3595873,-11889331,182169,43122,    0,11930, -449
 92128.650,  8292,21149,20292,   125,    28,  -430,  877, 407, 3595788,-11889133,182165,43078,    0,11922, -453
 92129.650,  8319,21156,20293,   134,    10,  -569, -962, 413, 3595703,-11888935,182162,43051,   -3,11916, -457
 92130.650,  8348,21164,20286,   176,    17,  -459, -962, 421, 3595619,-11888736,182158,43023,    5,11910, -452
 92131.650,  8375,21174,20306,   183,    36,  -428, -856, 425, 3595533,-11888538,182154,43004,    6,11911, -457
 92132.650,  8402,21172,20296,   237,    67,  -469, -780, 433, 3595456,-11888359,182152,42962,    3,11918, -450
 92133.650,  8429,21165,20235,   348,   111,  -589, -613, 449, 3595387,-11888196,182151,42909,    3,11928, -448
 92134.650,  8457,21128,20173,   479,   184,  -516, -700, 469, 3595208,-11887825,181983,42792,   -6,11951, -449
 92135.650,  8486,21094,20147,   597,   299,  -567, -943, 479, 3595118,-11887624,181974,42683,  -18,11976, -451
 92136.650,  8513,21084,20145,   645,   348,  -692, -875, 485, 3595028,-11887423,181964,42623,   -1,12018, -438
 92137.650,  8540,21090,20133,   696,   372,  -626,-1150, 489, 3594938,-11887222,181955,42598,   16,12050, -447
 92138.650,  8569,21101,20158,   687,   375,  -658, -952, 488, 3594848,-11887021,181946,42577,   27,12068, -446
 92139.650,  8596,21083,20207,   683,   426,  -505, -920, 490, 3594758,-11886820,181936,42502,   20,12086, -452
 92140.650,  8624,21066,20242,   632,   378,  -564, -967, 486, 3594668,-11886619,181927,42428,   18,12098, -443
 92141.650,  8651,21078,20228,   637,   325,  -573, -734, 486, 3594586,-11886437,181921,42415,   23,12095, -444
 92142.650,  8680,21087,20218,   654,   309,  -759, -831, 486, 3594512,-11886273,181917,42394,   20,12090, -440
 92143.650,  8706,21100,20184,   694,   277,  -653, -819, 488, 3594445,-11886123,181915,42384,   22,12085, -438
 92144.650,  8732,21112,20163,   715,   248,  -737, -975, 489, 3594178,-11885646,181791,42371,   13,12082, -440
 92145.650,  8761,21119,20123,   747,   195,  -728,-1037, 489, 3594285,-11885746,180582,42346,    1,12071, -441
 92146.650,  8788,21118,20092,   770,   143,  -777, -986, 490, 3594288,-11885626,179616,42306,   -1,12065, -446
 92147.650,  8815,21121,20115,   749,   115,  -657,-1051, 489, 3594224,-11885424,178747,42273,    2,12051, -446
 92148.650,  8842,21116,20130,   729,    81,  -759,-1069, 488, 3594148,-11885250,177645,42227,    6,12043, -449
 92149.650,  8873,21107,20182,   673,    55,  -654, -994, 484, 3594061,-11885032,177038,42167,   13,12029, -445
 92150.650,  8899,21084,20282,   581,    76,  -603,-1126, 479, 3593981,-11884835,176500,42086,   18,12019, -449
 92151.650,  8928,21008,20252,   616,    58,  -768, -924, 481, 3593900,-11884640,176089,41896,    2,12005, -447
 92152.650,  8955,20982,20186,   706,    60,  -712,-1036, 487, 3593819,-11884438,175746,41806,   -6,11998, -446
 92153.650,  8983,20958,20200,   754,   151,  -748,-1116, 491, 3593734,-11884241,175250,41721,  -14,12000, -442
 92154.650,  9012,20947,20160,   832,   189,  -684,-1116, 495, 3593648,-11884040,174796,41661,   -8,12012, -439
 92155.650,  9039,20931,20207,   805,   219,  -686,-1106, 494, 3593562,-11883840,174402,41595,   -6,12029, -440
 92156.650,  9067,20929,20247,   781,   245,  -722, -947, 494, 3593477,-11883635,174114,41554,   -7,12036, -433
 92157.650,  9095,20929,20262,   795,   291,  -707,-1020, 495, 3593390,-11883432,173852,41517,    1,12045, -429
 92158.650,  9121,20930,20289,   792,   332,  -798,-1137, 496, 3593303,-11883230,173654,41485,    2,12054, -426
 92159.650,  9149,20938,20296,   787,   330,  -641,-1029, 496, 3593216,-11883028,173456,41465,   14,12068, -421
 92160.650,  9174,20946,20311,   762,   315,  -708,-1275, 495, 3593130,-11882828,173320,41450,   19,12073, -422
 92161.650,  9201,20958,20314,   755,   305,  -553,-1068, 494, 3593043,-11882626,173124,41437,   26,12074, -419
 92162.650,  9227,20969,20321,   764,   332,  -580,-1063, 495, 3592956,-11882424,172928,41426,   27,12074, -421
 92163.650,  9255,20982,20315,   776,   344,  -607,-1273, 496, 3592869,-11882221,172732,41416,   23,12080, -417
 92164.650,  9281,20993,20331,   750,   331,  -546,-1100, 495, 3592784,-11882016,172489,41405,   25,12082, -416
 92165.650,  9308,21007,20330,   742,   318,  -514,-1086, 494, 3592693,-11881811,172319,41398,   19,12079, -417
 92166.650,  9333,21016,20366,   710,   340,  -576, -971, 493, 3592606,-11881608,172122,41384,   15,12077, -414
 92167.650,  9360,21020,20416,   684,   400,  -454, -946, 494, 3592519,-11881405,171926,41359,    4,12078, -410
 92168.650,  9385,21027,20446,   662,   432,  -455,-1025, 493, 3592431,-11881203,171730,41339,    6,12084, -411
 92169.650,  9408,21033,20473,   638,   456,  -462,-1065, 493, 3592344,-11881000,171533,41322,    6,12089, -408
 92170.650,  9435,21041,20483,   634,   482,  -483,-1112, 494, 3592257,-11880800,171305,41304,   -5,12090, -409
 92171.650,  9460,21049,20505,   617,   512,  -579,-1043, 495, 3592170,-11880597,171108,41289,   -8,12095, -400
 92172.650,  9486,21063,20506,   610,   514,  -440, -982, 494, 3592083,-11880394,170911,41283,   -1,12096, -405
 92173.650,  9510,21073,20527,   581,   526,  -477,-1055, 494, 3591996,-11880192,170715,41274,    9,12097, -403
 92174.650,  9534,21084,20549,   556,   544,  -449,-1078, 493, 3591909,-11879989,170518,41265,   11,12097, -406
 92175.650,  9560,21093,20564,   550,   582,  -539,-1077, 495, 3591818,-11879786,170501,41251,   14,12097, -405
 92176.650,  9585,21101,20582,   541,   624,  -486,-1041, 496, 3591732,-11879584,170310,41237,   14,12103, -406
 92177.650,  9610,21092,20637,   512,   702,  -506, -979, 498, 3591645,-11879383,170120,41188,   11,12110, -406
 92178.650,  9636,21075,20705,   465,   789,  -535,-1077, 501, 3591558,-11879180,169930,41124,   -2,12126, -401
 92179.650,  9661,21056,20741,   399,   769,  -474,-1006, 499, 3591471,-11878978,169739,41055,    7,12133, -398
 92180.650,  9685,21036,20764,   340,   748,  -446,-1042, 497, 3591384,-11878776,169549,40988,   19,12132, -398
 92181.650,  9708,21024,20800,   297,   776,  -458,-1096, 497, 3591297,-11878574,169359,40937,   12,12128, -396
 92182.650,  9730,21013,20799,   281,   785,  -529, -988, 498, 3591219,-11878392,169243,40888,    2,12124, -394
 92183.650,  9755,21011,20825,   238,   797,  -510, -975, 498, 3591147,-11878226,169173,40855,    4,12122, -393
 92184.650,  9780,20991,20783,   250,   774,  -483, -888, 497, 3591083,-11878076,169131,40786,   11,12117, -391
 92185.650,  9805,20979,20735,   283,   772,  -511, -928, 498, 3591025,-11877941,169105,40732,   15,12113, -393
 92186.650,  9830,20971,20748,   244,   769,  -468, -976, 497, 3590972,-11877818,169089,40687,   19,12115, -393
 92187.650,  9854,20969,20745,   206,   732,  -430, -939, 495, 3590925,-11877707,169080,40655,   23,12111, -395
 92188.650,  9877,20964,20718,   180,   674,  -446, -946, 491, 3590881,-11877607,169074,40618,   16,12098, -395
 92189.650,  9902,20971,20658,   193,   612,  -506, -991, 488, 3590842,-11877516,169071,40603,    7,12085, -396
 92190.650,  9925,20980,20613,   202,   572,  -505, -790, 485, 3590384,-11876512,169052,40593,    1,12067, -398
 92191.650,  9952,20991,20559,   231,   544,  -502, -959, 484, 3590370,-11876451,169028,40583,    1,12059, -401
 92192.650,  9978,21004,20509,   258,   521,  -442, -923, 483, 3590294,-11876291,169022,40577,    1,12052, -406
 92193.650, 10003,21013,20479,   259,   491,  -441, -888, 481, 3590209,-11876104,169018,40566,    5,12049, -413
 92194.650, 10030,21022,20440,   283,   480,  -468, -964, 482, 3590176,-11875930,169003,40552,   10,12043, -414
 92195.650, 10055,21025,20392,   322,   475,  -431,-1000, 483, 3590081,-11875751,168239,40529,   10,12041, -419
 92196.650, 10082,21030,20337,   373,   476,  -526,-1092, 485, 3589997,-11875551,168205,40507,   13,12041, -424
 92197.650, 10110,21013,20265,   457,   496,  -432,-1001, 489, 3589918,-11875351,168171,40444,   16,12045, -428
 92198.650, 10137,20973,20209,   549,   557,  -387,-1056, 497, 3589834,-11875151,168143,40336,   20,12058, -443
 92199.650, 10166,20958,20157,   648,   637,  -385, -987, 502, 3589749,-11874951,168112,40274,   11,12078, -442
 92200.650, 10194,20934,20178,   635,   665,  -317, -964, 504, 3589655,-11874758,167670,40197,    2,12105, -446
 92201.650, 10222,20903,20249,   548,   673,  -335,-1109, 501, 3589573,-11874559,167622,40104,   20,12116, -448
 92202.650, 10250,20884,20283,   519,   707,  -344,-1032, 502, 3589492,-11874359,167577,40038,   20,12121, -451
 92203.650, 10280,20874,20294,   505,   722,  -295, -955, 503, 3589410,-11874159,167535,39985,   29,12130, -447
 92204.650, 10307,20863,20306,   526,   802,  -348,-1140, 506, 3589328,-11873960,167494,39933,   24,12142, -448
 92205.650, 10336,20865,20300,   531,   816,  -220,-1109, 508, 3589246,-11873760,167454,39906,   30,12152, -445
 92206.650, 10364,20866,20309,   531,   857,  -259,-1058, 509, 3589163,-11873561,167415,39877,   28,12164, -446
