flight/ER2/SEAC4RS-MMS-1HZ_ER2_20130816_RA.ict
49, 1001                                                                                                                                                                                                
Bui, T. Paul                                                                                                                                                                                            
NASA Ames Research Center                                                                                                                                                                               
MMS - Meteorological Measurement System                                                                                                                                                                 
SEAC4RS                                                                                                                                                                                                 
1, 1                                                                                                                                                                                                    
2013, 08, 16, 2013, 08, 16                                                                                                                                                                              
-1                                                                                                                                                                                                      
TIME_UTC, seconds, elapsed time from 0000 UTC                                                                                                                                                           
15                                                                                                                                                                                                      
0.01, 0.01, 0.01, 0.01, 0.01, 0.001, 0.01, 0.01, 0.00001, 0.00001, 0.1, 0.01, 0.01, 0.01, 0.01                                                                                                          
-99999, -9999, -9999, -99999, -99999, -99999, -9999, -999, -9999999, -99999999, -99999, -9999, -9999, -9999, -9999                                                                                      
P, hPa, Static Pressure                                                                                                                                                                                 
T, K, Static Temperature                                                                                                                                                                                
TAS, m/s, True Air Speed                                                                                                                                                                                
U, m/s, E-W Horizontal Wind Speed                                                                                                                                                                       
[...]
DM_CONTACT_INFO: Jon Dean-Day, Bay Area Environmental Research Institute, 596 First St.                                                                                                                 
West, Sonoma, CA, 95476; email: jonathan.m.dean-day@nasa.gov                                                                                                                                            
PROJECT_INFO: SEAC4RS mission August 1 - September 30, 2013; Houston, TX                                                                                                                                
OTHER_COMMENTS:                                                                                                                                                                                         
..\cv\e_130816.cva                                                                                                                                                                                      
REVISION: RA                                                                                                                                                                                            
RA: Preliminary FIELD DATA, Not funded for 3D Winds                                                                                                                                                     
TIME_UTC, P, T, TAS, U, V, W, TEDR, REYN, G_LAT, G_LONG, G_ALT, POT, ROLL, HDG, PITCH                                                                                                                   
[from data line 429]
 51470.200, 42025,26020,11760,-99999,-99999,-99999,-9999,-999, 2927195, -9496245, 71897,33333, -120,13778,  606
 51471.200, 41950,26006,11716,-99999,-99999,-99999,-9999,-999, 2927115, -9496156, 72058,33333, -116,13770,  577
 51472.200, 41878,25996,11668,-99999,-99999,-99999,-9999,-999, 2927036, -9496067, 72222,33336,  -78,13762,  526
 51473.200, 41791,25990,11656,-99999,-99999,-99999,-9999,-999, 2926957, -9495977, 72372,33347,  -27,13747,  361
 51474.200, 41735,25980,11632,-99999,-99999,-99999,-9999,-999, 2926879, -9495889, 72518,33347,   10,13734,  320
 51475.200, 41719,25977,11585,-99999,-99999,-99999,-9999,-999, 2926800, -9495799, 72653,33347,   39,13735,  366
 51476.200, 41696,25972,11528,-99999,-99999,-99999,-9999,-999, 2926721, -9495710, 72775,33346,   80,13742,  405
 51477.200, 41643,25964,11517,-99999,-99999,-99999,-9999,-999, 2926642, -9495621, 72888,33348,  103,13744,  363
 51478.200, 41586,25956,11510,-99999,-99999,-99999,-9999,-999, 2926564, -9495532, 72999,33351,  135,13751,  314
 51479.200, 41540,25947,11512,-99999,-99999,-99999,-9999,-999, 2926485, -9495443, 73106,33350,  157,13763,  255
 51480.200, 41508,25942,11505,-99999,-99999,-99999,-9999,-999, 2926407, -9495355, 73206,33351,  158,13773,  283
 51481.200, 41493,25941,11478,-99999,-99999,-99999,-9999,-999, 2926328, -9495265, 73299,33353,  144,13797,  314
 51482.200, 41456,25935,11484,-99999,-99999,-99999,-9999,-999, 2926250, -9495177, 73385,33354,  139,13813,  317
 51483.200, 41418,25927,11500,-99999,-99999,-99999,-9999,-999, 2926172, -9495088, 73478,33352,  129,13827,  320
 51484.200, 41378,25923,11491,-99999,-99999,-99999,-9999,-999, 2926093, -9495000, 73557,33356,  109,13829,  319
 51485.200, 41341,25921,11470,-99999,-99999,-99999,-9999,-999, 2926015, -9494911, 73644,33362,   88,13832,  316
 51486.200, 41305,25917,11462,-99999,-99999,-99999,-9999,-999, 2925935, -9494823, 73716,33365,   58,13846,  248
 51487.200, 41247,25910,11477,-99999,-99999,-99999,-9999,-999, 2925856, -9494734, 73786,33370,   19,13859,  153
 51488.200, 41208,25904,11507,-99999,-99999,-99999,-9999,-999, 2925777, -9494645, 73853,33372,  -74,13876,   96
 51489.200, 41207,25901,11514,-99999,-99999,-99999,-9999,-999, 2925697, -9494557, 73913,33367, -122,13876,  104
 51490.200, 41191,25896,11549,-99999,-99999,-99999,-9999,-999, 2925618, -9494468, 73965,33365, -129,13841,   77
 51491.200, 41177,25892,11573,-99999,-99999,-99999,-9999,-999, 2925538, -9494379, 74010,33363, -137,13805,   93
 51492.200, 41171,25890,11596,-99999,-99999,-99999,-9999,-999, 2925458, -9494290, 74050,33361, -161,13764,  120
 51493.200, 41153,25887,11620,-99999,-99999,-99999,-9999,-999, 2925378, -9494201, 74085,33362, -180,13757,  121
 51494.200, 41129,25885,11647,-99999,-99999,-99999,-9999,-999, 2925298, -9494112, 74118,33364, -192,13758,   77
 51495.200, 41103,25880,11682,-99999,-99999,-99999,-9999,-999, 2925219, -9494021, 74150,33365, -134,13747,   54
 51496.200, 41098,25880,11696,-99999,-99999,-99999,-9999,-999, 2925139, -9493930, 74178,33366,  -73,13724,   63
 51497.200, 41094,25880,11713,-99999,-99999,-99999,-9999,-999, 2925060, -9493840, 74202,33366,  -17,13691,   86
 51498.200, 41083,25879,11732,-99999,-99999,-99999,-9999,-999, 2924980, -9493748, 74223,33367,   20,13681,   97
 51499.200, 41066,25877,11759,-99999,-99999,-99999,-9999,-999, 2924901, -9493656, 74242,33369,   47,13692,   98
 51500.200, 41050,25876,11785,-99999,-99999,-99999,-9999,-999, 2924821, -9493563, 74260,33372,  111,13722,   83
 51501.200, 41024,25874,11819,-99999,-99999,-99999,-9999,-999, 2924742, -9493470, 74278,33375,   41,13745,   35
 51502.200, 41006,25874,11846,-99999,-99999,-99999,-9999,-999, 2924662, -9493377, 74295,33380,  -47,13779,   31
 51503.200, 41007,25877,11857,-99999,-99999,-99999,-9999,-999, 2924582, -9493283, 74310,33384,  -38,13781,   36
 51504.200, 40998,25877,11881,-99999,-99999,-99999,-9999,-999, 2924502, -9493190, 74321,33385,   64,13749,   22
 51505.200, 40972,25873,11930,-99999,-99999,-99999,-9999,-999, 2924422, -9493096, 74331,33386,  413,13720,  -50
 51506.200, 40962,25874,11968,-99999,-99999,-99999,-9999,-999, 2924342, -9493003, 74340,33390,  902,13733,  -55
 51507.200, 40977,25876,11981,-99999,-99999,-99999,-9999,-999, 2924261, -9492908, 74346,33389, 1228,13846,  -20
 51508.200, 40980,25874,12009,-99999,-99999,-99999,-9999,-999, 2924180, -9492813, 74347,33385, 1318,13979,  -24
 51509.200, 40972,25872,12034,-99999,-99999,-99999,-9999,-999, 2924098, -9492720, 74347,33384, 1325,14179,  -64
 51510.200, 40959,25867,12087,-99999,-99999,-99999,-9999,-999, 2924014, -9492626, 74346,33381, 1339,14279,  -99
 51511.200, 40953,25864,12150,-99999,-99999,-99999,-9999,-999, 2923929, -9492534, 74344,33379, 1345,14361, -119
 51512.200, 40954,25865,12183,-99999,-99999,-99999,-9999,-999, 2923843, -9492443, 74344,33380, 1367,14403,  -92
 51513.200, 40958,25870,12208,-99999,-99999,-99999,-9999,-999, 2923755, -9492355, 74338,33385, 1378,14449,  -99
 51514.200, 40953,25870,12254,-99999,-99999,-99999,-9999,-999, 2923665, -9492266, 74329,33386, 1390,14587, -134
 51515.200, 40954,25873,12291,-99999,-99999,-99999,-9999,-999, 2923574, -9492181, 74322,33391, 1410,14705, -173
 51516.200, 40959,25872,12356,-99999,-99999,-99999,-9999,-999, 2923482, -9492098, 74323,33388, 1377,14873, -207
 51517.200, 40969,25871,12416,-99999,-99999,-99999,-9999,-999, 2923390, -9492014, 74323,33384, 1323,14986, -216
 51518.200, 40984,25870,12471,-99999,-99999,-99999,-9999,-999, 2923294, -9491933, 74303,33379, 1261,15060, -211
 51519.200, 40996,25868,12520,-99999,-99999,-99999,-9999,-999, 2923196, -9491855, 74279,33375, 1183,15125, -195
 51520.200, 41002,25864,12598,-99999,-99999,-99999,-9999,-999, 2923097, -9491777, 74253,33368, 1136,15174, -188
 51521.200, 41008,25863,12673,-99999,-99999,-99999,-9999,-999, 2922995, -9491701, 74230,33365, 1048,15269, -194
 51522.200, 41011,25857,12768,-99999,-99999,-99999,-9999,-999, 2922893, -9491627, 74203,33356,  998,15343, -204
 51523.200, 41016,25850,12872,-99999,-99999,-99999,-9999,-999, 2922790, -9491555, 74175,33346,  855,15449, -209
 51524.200, 41026,25847,12937,-99999,-99999,-99999,-9999,-999, 2922686, -9491482, 74146,33340,  693,15523, -193
 51525.200, 41055,25850,12949,-99999,-99999,-99999,-9999,-999, 2922580, -9491413, 74117,33337,  554,15580,  -64
 51526.200, 41089,25855,12919,-99999,-99999,-99999,-9999,-999, 2922475, -9491343, 74102,33336,  422,15619,  112
 51527.200, 41081,25855,12890,-99999,-99999,-99999,-9999,-999, 2922368, -9491276, 74094,33337,  371,15635,  210
 51528.200, 41047,25851,12856,-99999,-99999,-99999,-9999,-999, 2922261, -9491210, 74088,33340,  290,15662,  320
 51529.200, 40997,25846,12809,-99999,-99999,-99999,-9999,-999, 2922153, -9491145, 74088,33346,  237,15688,  384
 51530.200, 40945,25840,12735,-99999,-99999,-99999,-9999,-999, 2922046, -9491081, 74098,33350,  172,15724,  465
 51531.200, 40884,25833,12649,-99999,-99999,-99999,-9999,-999, 2921939, -9491016, 74121,33355,  120,15737,  521
 51532.200, 40820,25826,12538,-99999,-99999,-99999,-9999,-999, 2921832, -9490953, 74161,33361,   71,15739,  578
 51533.200, 40752,25821,12409,-99999,-99999,-99999,-9999,-999, 2921726, -9490890, 74206,33370,   21,15733,  650
 51534.200, 40676,25818,12296,-99999,-99999,-99999,-9999,-999, 2921620, -9490827, 74262,33385,    6,15734,  726
 51535.200, 40594,25815,12241,-99999,-99999,-99999,-9999,-999, 2921516, -9490765, 74336,33400,   70,15739,  806
 51536.200, 40495,25810,12232,-99999,-99999,-99999,-9999,-999, 2921412, -9490704, 74427,33416,  259,15746,  819
 51537.200, 40386,25801,12216,-99999,-99999,-99999,-9999,-999, 2921310, -9490644, 74530,33430,  482,15774,  835
 51538.200, 40294,25802,12152,-99999,-99999,-99999,-9999,-999, 2921207, -9490583, 74647,33453,  835,15858,  891
 51539.200, 40198,25800,12130,-99999,-99999,-99999,-9999,-999, 2921104, -9490521, 74772,33474, 1101,15917,  894
 51540.200, 40081,25792,12158,-99999,-99999,-99999,-9999,-999, 2921000, -9490461, 74893,33490, 1335,15988,  868
 51541.200, 39970,25787,12171,-99999,-99999,-99999,-9999,-999, 2920896, -9490401, 75041,33512, 1445,16081,  856
 51542.200, 39871,25775,12168,-99999,-99999,-99999,-9999,-999, 2920792, -9490343, 75196,33520, 1498,16176,  844
 51543.200, 39769,25766,12185,-99999,-99999,-99999,-9999,-999, 2920686, -9490286, 75341,33532, 1573,16345,  808
 51544.200, 39669,25753,12209,-99999,-99999,-99999,-9999,-999, 2920579, -9490232, 75492,33540, 1595,16543,  823
 51545.200, 39582,25740,12221,-99999,-99999,-99999,-9999,-999, 2920472, -9490180, 75665,33544, 1574,16672,  825
 51546.200, 39477,25722,12259,-99999,-99999,-99999,-9999,-999, 2920363, -9490131, 75823,33546, 1560,16819,  814
 51547.200, 39373,25706,12281,-99999,-99999,-99999,-9999,-999, 2920252, -9490086, 75966,33550, 1537,16900,  822
 51548.200, 39272,25687,12291,-99999,-99999,-99999,-9999,-999, 2920141, -9490045, 76136,33550, 1482,17018,  834
 51549.200, 39169,25670,12294,-99999,-99999,-99999,-9999,-999, 2920030, -9490005, 76313,33553, 1424,17145,  841
 51550.200, 39067,25653,12297,-99999,-99999,-99999,-9999,-999, 2919916, -9489965, 76475,33556, 1395,17239,  840
 51551.200, 38964,25636,12308,-99999,-99999,-99999,-9999,-999, 2919804, -9489930, 76665,33558, 1376,17379,  843
 51552.200, 38864,25624,12289,-99999,-99999,-99999,-9999,-999, 2919693, -9489897, 76882,33567, 1382,17509,  852
 51553.200, 38761,25608,12285,-99999,-99999,-99999,-9999,-999, 2919579, -9489867, 77059,33572, 1364,17599,  866
 51554.200, 38663,25591,12296,-99999,-99999,-99999,-9999,-999, 2919467, -9489839, 77284,33574, 1337,17723,  890
 51555.200, 38558,25573,12281,-99999,-99999,-99999,-9999,-999, 2919355, -9489814, 77497,33576, 1315,17813,  901
 51556.200, 38454,25555,12270,-99999,-99999,-99999,-9999,-999, 2919241, -9489791, 77714,33579, 1270,17951,  918
 51557.200, 38352,25540,12239,-99999,-99999,-99999,-9999,-999, 2919127, -9489771, 77919,33585, 1229,18088,  945
 51558.200, 38244,25534,12165,-99999,-99999,-99999,-9999,-999, 2919011, -9489752, 78111,33603, 1215,18167,  963
 51559.200, 38140,25520,12136,-99999,-99999,-99999,-9999,-999, 2918894, -9489736, 78304,33611, 1294,18243,  954
 51560.200, 38019,25498,12130,-99999,-99999,-99999,-9999,-999, 2918777, -9489722, 78498,33613, 1335,18298,  903
 51561.200, 37902,25479,12135,-99999,-99999,-99999,-9999,-999, 2918660, -9489710, 78696,33617, 1345,18364,  893
 51562.200, 37815,25467,12122,-99999,-99999,-99999,-9999,-999, 2918544, -9489702, 78894,33624, 1369,18524,  935
 51563.200, 37727,25456,12104,-99999,-99999,-99999,-9999,-999, 2918428, -9489694, 79093,33631, 1399,18636,  954
 51564.200, 37626,25441,12104,-99999,-99999,-99999,-9999,-999, 2918312, -9489690, 79292,33637, 1453,18790,  976
 51565.200, 37521,25424,12102,-99999,-99999,-99999,-9999,-999, 2918197, -9489686, 79495,33642, 1503,18894,  998
 51566.200, 37416,25407,12090,-99999,-99999,-99999,-9999,-999, 2918086, -9489687, 79736,33646, 1550,18997, 1026
 51567.200, 37309,25390,12057,-99999,-99999,-99999,-9999,-999, 2917972, -9489688, 79946,33651, 1557,19123, 1061
 51568.200, 37204,25378,12022,-99999,-99999,-99999,-9999,-999, 2917858, -9489693, 80159,33662, 1578,19221, 1083
 51569.200, 37092,25359,12003,-99999,-99999,-99999,-9999,-999, 2917745, -9489700, 80374,33666, 1608,19387, 1104
 51570.200, 36978,25342,11979,-99999,-99999,-99999,-9999,-999, 2917632, -9489710, 80592,33673, 1640,19516, 1106
 51571.200, 36861,25323,11972,-99999,-99999,-99999,-9999,-999, 2917520, -9489723, 80815,33679, 1692,19700, 1073
 51572.200, 36740,25305,11967,-99999,-99999,-99999,-9999,-999, 2917409, -9489738, 81041,33687, 1744,19876, 1041
 51573.200, 36633,25288,11965,-99999,-99999,-99999,-9999,-999, 2917299, -9489755, 81269,33692, 1779,20011, 1053
 51574.200, 36534,25270,11947,-99999,-99999,-99999,-9999,-999, 2917190, -9489777, 81499,33693, 1788,20190, 1075
 51575.200, 36423,25251,11929,-99999,-99999,-99999,-9999,-999, 2917083, -9489800, 81730,33698, 1785,20309, 1082
 51576.200, 36308,25237,11935,-99999,-99999,-99999,-9999,-999, 2916976, -9489826, 81964,33710, 1759,20486, 1084
 51577.200, 36196,25223,11949,-99999,-99999,-99999,-9999,-999, 2916871, -9489855, 82199,33720, 1753,20679, 1076
 51578.200, 36083,25204,11928,-99999,-99999,-99999,-9999,-999, 2916767, -9489887, 82437,33726, 1751,20806, 1070
 51579.200, 35974,25189,11913,-99999,-99999,-99999,-9999,-999, 2916672, -9489923, 82757,33734, 1753,20998, 1065
 51580.200, 35862,25169,11901,-99999,-99999,-99999,-9999,-999, 2916571, -9489963, 82993,33737, 1516,21150, 1031
 51581.200, 35741,25148,11909,-99999,-99999,-99999,-9999,-999, 2916471, -9490003, 83229,33742,  948,21333,  937
 51582.200, 35623,25129,11957,-99999,-99999,-99999,-9999,-999, 2916377, -9490048, 83531,33749,  569,21479,  860
 51583.200, 35533,25112,11960,-99999,-99999,-99999,-9999,-999, 2916283, -9490093, 83813,33750,  452,21508,  853
 51584.200, 35454,25096,11943,-99999,-99999,-99999,-9999,-999, 2916190, -9490142, 84079,33750,  303,21387,  910
 51585.200, 35366,25080,11952,-99999,-99999,-99999,-9999,-999, 2916095, -9490192, 84327,33752,  313,21281,  892
 51586.200, 35263,25067,12010,-99999,-99999,-99999,-9999,-999, 2916001, -9490243, 84567,33763,  317,21223,  854
 51587.200, 35174,25054,12041,-99999,-99999,-99999,-9999,-999, 2915906, -9490295, 84806,33770,  265,21278,  851
 51588.200, 35088,25052,12076,-99999,-99999,-99999,-9999,-999, 2915811, -9490348, 85031,33790,  282,21438,  830
 51589.200, 34997,25044,12108,-99999,-99999,-99999,-9999,-999, 2915716, -9490400, 85253,33805,  230,21547,  797
 51590.200, 34913,25034,12136,-99999,-99999,-99999,-9999,-999, 2915622, -9490453, 85470,33815,  223,21547,  796
 51591.200, 34829,25020,12163,-99999,-99999,-99999,-9999,-999, 2915527, -9490506, 85682,33819,  246,21458,  785
 51592.200, 34746,25004,12181,-99999,-99999,-99999,-9999,-999, 2915432, -9490560, 85890,33820,  257,21395,  794
 51593.200, 34666,24989,12199,-99999,-99999,-99999,-9999,-999, 2915337, -9490614, 86092,33822,  247,21375,  796
 51594.200, 34583,24975,12207,-99999,-99999,-99999,-9999,-999, 2915243, -9490668, 86294,33826,  230,21425,  792
 51595.200, 34503,24962,12241,-99999,-99999,-99999,-9999,-999, 2915147, -9490723, 86486,33831,  240,21533,  790
 51596.200, 34419,24947,12232,-99999,-99999,-99999,-9999,-999, 2915052, -9490778, 86677,33835,  277,21636,  793
 51597.200, 34342,24933,12250,-99999,-99999,-99999,-9999,-999, 2914957, -9490833, 86867,33837,  268,21665,  795
 51598.200, 34259,24916,12266,-99999,-99999,-99999,-9999,-999, 2914862, -9490888, 87059,33838,  213,21651,  832
 51599.200, 34182,24903,12253,-99999,-99999,-99999,-9999,-999, 2914767, -9490943, 87249,33841,  143,21637,  868
 51600.200, 34101,24891,12239,-99999,-99999,-99999,-9999,-999, 2914672, -9490999, 87437,33848,   80,21641,  851
 51601.200, 33994,24878,12272,-99999,-99999,-99999,-9999,-999, 2914577, -9491056, 87622,33860,  150,21664,  811
 51602.200, 33911,24863,12276,-99999,-99999,-99999,-9999,-999, 2914483, -9491112, 87813,33865,  293,21672,  816
 51603.200, 33830,24854,12289,-99999,-99999,-99999,-9999,-999, 2914388, -9491168, 88007,33875,  638,21655,  827
 51604.200, 33751,24845,12299,-99999,-99999,-99999,-9999,-999, 2914293, -9491225, 88194,33885,  901,21646,  854
 51605.200, 33671,24830,12309,-99999,-99999,-99999,-9999,-999, 2914199, -9491282, 88380,33888, 1082,21690,  865
 51606.200, 33580,24814,12327,-99999,-99999,-99999,-9999,-999, 2914105, -9491339, 88565,33893, 1270,21826,  851
 51607.200, 33490,24796,12335,-99999,-99999,-99999,-9999,-999, 2914011, -9491397, 88749,33893, 1403,21951,  832
 51608.200, 33402,24783,12337,-99999,-99999,-99999,-9999,-999, 2913918, -9491456, 88936,33901, 1564,22126,  808
 51609.200, 33319,24774,12363,-99999,-99999,-99999,-9999,-999, 2913827, -9491517, 89124,33912, 1541,22249,  812
 51610.200, 33243,24765,12377,-99999,-99999,-99999,-9999,-999, 2913737, -9491578, 89308,33923, 1468,22399,  850
 51611.200, 33162,24756,12368,-99999,-99999,-99999,-9999,-999, 2913647, -9491643, 89492,33934, 1438,22530,  866
