flight/ER2/SEAC4RS-MMS-1HZ_ER2_20130808_RA.ict
49, 1001                                                                                                                                                                                                
Bui, T. Paul                                                                                                                                                                                            
NASA Ames Research Center                                                                                                                                                                               
MMS - Meteorological Measurement System                                                                                                                                                                 
SEAC4RS                                                                                                                                                                                                 
1, 1                                                                                                                                                                                                    
2013, 08, 08, 2013, 08, 08                                                                                                                                                                              
-1                                                                                                                                                                                                      
TIME_UTC, seconds, elapsed time from 0000 UTC                                                                                                                                                           
15                                                                                                                                                                                                      
0.01, 0.01, 0.01, 0.01, 0.01, 0.001, 0.01, 0.01, 0.00001, 0.00001, 0.1, 0.01, 0.01, 0.01, 0.01                                                                                                          
-99999, -9999, -9999, -99999, -99999, -99999, -9999, -999, -9999999, -99999999, -99999, -9999, -9999, -9999, -9999                                                                                      
P, hPa, Static Pressure                                                                                                                                                                                 
T, K, Static Temperature                                                                                                                                                                                
TAS, m/s, True Air Speed                                                                                                                                                                                
U, m/s, E-W Horizontal Wind Speed                                                                                                                                                                       
[...]
DM_CONTACT_INFO: Jon Dean-Day, Bay Area Environmental Research Institute, 596 First St.                                                                                                                 
West, Sonoma, CA, 95476; email: jonathan.m.dean-day@nasa.gov                                                                                                                                            
PROJECT_INFO: SEAC4RS mission August 1 - September 30, 2013; Houston, TX                                                                                                                                
OTHER_COMMENTS:                                                                                                                                                                                         
..\cv\e_130808.cva                                                                                                                                                                                      
REVISION: RA                                                                                                                                                                                            
RA: FIELD DATA                                                                                                                                                                                          
TIME_UTC, P, T, TAS, U, V, W, TEDR, REYN, G_LAT, G_LONG, G_ALT, POT, ROLL, HDG, PITCH                                                                                                                   
[from data line 715]
 60722.650, 17100,22020,15810,-99999,-99999,-99999, 1478,-999, 3542119,-11831272,130642,36472,  321,34860,  487
 60723.650, 17072,22018,15825,-99999,-99999,-99999, 1480,-999, 3542265,-11831290,130711,36486,  314,34846,  428
 60724.650, 17048,22019,15855,-99999,-99999,-99999, 1478,-999, 3542414,-11831309,130771,36502,  291,34852,  393
 60725.650, 17028,22019,15911,-99999,-99999,-99999, 1478,-999, 3542564,-11831329,130832,36514,  235,34888,  304
 60726.650, 17011,22018,15956,-99999,-99999,-99999, 1478,-999, 3542712,-11831345,130900,36523,  183,34924,  241
 60727.650, 17007,22020,15987,-99999,-99999,-99999, 1480,-999, 3542861,-11831363,130961,36529,  105,34967,  186
 60728.650, 17010,22021,16025,-99999,-99999,-99999, 1480,-999, 3543011,-11831381,131022,36530,   76,34973,  188
 60729.650, 17015,22023,16065,-99999,-99999,-99999, 1480,-999, 3543161,-11831398,131082,36529,   82,34954,  212
 60730.650, 17014,22020,16121,-99999,-99999,-99999, 1480,-999, 3543310,-11831417,131143,36525,   67,34914,  244
 60731.650, 17006,22018,16178,-99999,-99999,-99999, 1481,-999, 3543460,-11831434,131204,36526,   18,34900,  230
 60732.650, 16998,22014,16238,-99999,-99999,-99999, 1482,-999, 3543647,-11831452,131267,36525,   -6,34914,  209
 60733.650, 16994,22011,16296,-99999,-99999,-99999, 1481,-999, 3543798,-11831469,131304,36522,   41,34947,  201
 60734.650, 16994,22009,16340,-99999,-99999,-99999, 1482,-999, 3543950,-11831486,131341,36519,   41,34956,  224
 60735.650, 16993,22006,16382,-99999,-99999,-99999, 1483,-999, 3544101,-11831503,131377,36514, -110,34949,  247
 60736.650, 16987,22003,16428,-99999,-99999,-99999, 1480,-999, 3544248,-11831523,131421,36513, -507,34938,  279
 60737.650, 16981,22001,16462,-99999,-99999,-99999, 1484,-999, 3544395,-11831542,131460,36514, -898,34919,  309
 60738.650, 16971,21999,16497,-99999,-99999,-99999, 1482,-999, 3544546,-11831560,131504,36517,-1247,34867,  329
 60739.650, 16959,21996,16540,-99999,-99999,-99999, 1480,-999, 3544700,-11831578,131541,36518,-1591,34740,  321
 60740.650, 16949,21993,16577,-99999,-99999,-99999, 1481,-999, 3544855,-11831595,131579,36519,-1740,34618,  309
 60741.650, 16942,21991,16611,-99999,-99999,-99999, 1486,-999, 3545010,-11831613,131616,36521,-1878,34423,  310
 60742.650, 16934,21991,16639,-99999,-99999,-99999, 1480,-999, 3545165,-11831631,131653,36525,-1941,34303,  317
 60743.650, 16922,21990,16670,-99999,-99999,-99999, 1480,-999, 3545319,-11831649,131690,36531,-1839,34185,  316
 60744.650, 16907,21988,16702,-99999,-99999,-99999, 1483,-999, 3545474,-11831666,131728,36537,-1579,34100,  302
 60745.650, 16897,21990,16726,-99999,-99999,-99999, 1484,-999, 3545614,-11831682,131750,36547,-1248,34002,  294
 60746.650, 16886,21993,16761,-99999,-99999,-99999, 1484,-999, 3545741,-11831697,131764,36558,-1053,33905,  281
 60747.650, 16870,21991,16819,-99999,-99999,-99999, 1483,-999, 3545855,-11831710,131772,36565, -962,33864,  263
 60748.650, 16859,21991,16859,-99999,-99999,-99999, 1486,-999, 3545959,-11831722,131777,36573, -854,33847,  246
 60749.650, 16850,21993,16893,-99999,-99999,-99999, 1484,-999, 3546053,-11831732,131781,36581, -678,33819,  227
 60750.650, 16843,21994,16929,-99999,-99999,-99999, 1488,-999, 3546538,-11831932,131736,36586, -557,33780,  216
 60751.650, 16839,21992,16972,-99999,-99999,-99999, 1484,-999, 3546626,-11832008,131737,36586, -343,33702,  223
 60752.650, 16838,21992,16999,-99999,-99999,-99999, 1486,-999, 3546713,-11832067,131731,36588,  -71,33652,  268
 60753.650, 16828,21992,17029,-99999,-99999,-99999, 1481,-999, 3546848,-11832119,131748,36592,   53,33651,  288
 60754.650, 16809,21988,17074,-99999,-99999,-99999, 1486,-999, 3546999,-11832173,131748,36599,  116,33703,  269
 60755.650, 16795,21986,17108,-99999,-99999,-99999, 1483,-999, 3547150,-11832228,131749,36604,  173,33752,  249
 60756.650, 16781,21984,17148,-99999,-99999,-99999, 1483,-999, 3547301,-11832283,131749,36608,  217,33789,  221
 60757.650, 16771,21981,17188,-99999,-99999,-99999, 1485,-999, 3547452,-11832337,131749,36611,  179,33810,  197
 60758.650, 16762,21981,17228,-99999,-99999,-99999, 1487,-999, 3547604,-11832392,131750,36617,  135,33819,  186
 60759.650, 16755,21992,17294,-99999,-99999,-99999, 1488,-999, 3547755,-11832447,131750,36639,   82,33826,  176
 60760.650, 16751,22002,17335,-99999,-99999,-99999, 1487,-999, 3547892,-11832497,131750,36657,   34,33823,  176
 60761.650, 16746,22007,17370,-99999,-99999,-99999, 1487,-999, 3548015,-11832541,131750,36670,   10,33820,  176
 60762.650, 16740,22011,17421,-99999,-99999,-99999, 1481,-999, 3548127,-11832582,131751,36679,    4,33816,  172
 60763.650, 16732,22016,17486,-99999,-99999,-99999, 1490,-999, 3548229,-11832619,131751,36692,  -29,33815,  162
 60764.650, 16726,22020,17549,-99999,-99999,-99999, 1484,-999, 3548359,-11832659,131729,36704, -156,33814,  154
 60765.650, 16725,22024,17596,-99999,-99999,-99999, 1487,-999, 3548445,-11832689,131709,36710, -318,33809,  157
 60766.650, 16722,22026,17645,-99999,-99999,-99999, 1485,-999, 3548645,-11833012,131708,36716, -355,33796,  171
 60767.650, 16717,22026,17697,-99999,-99999,-99999, 1489,-999, 3548768,-11833084,131707,36718, -319,33765,  174
 60768.650, 16711,22027,17757,-99999,-99999,-99999, 1486,-999, 3549184,-11832990,131709,36725, -276,33744,  176
 60769.650, 16705,22031,17801,-99999,-99999,-99999, 1489,-999, 3549334,-11833048,131708,36735, -205,33718,  181
 60770.650, 16698,22033,17838,-99999,-99999,-99999, 1487,-999, 3549484,-11833102,131707,36743, -147,33699,  184
 60771.650, 16691,22034,17878,-99999,-99999,-99999, 1487,-999, 3549635,-11833163,131707,36749, -110,33690,  186
 60772.650, 16685,22035,17915,-99999,-99999,-99999, 1487,-999, 3549787,-11833224,131706,36754,  -58,33682,  191
 60773.650, 16673,22036,17953,-99999,-99999,-99999, 1489,-999, 3549939,-11833285,131705,36764,  -23,33679,  193
 60774.650, 16663,22040,17989,-99999,-99999,-99999, 1490,-999, 3550091,-11833346,131705,36777,   14,33679,  195
 60775.650, 16654,22042,18028,-99999,-99999,-99999, 1487,-999, 3550258,-11833435,131704,36784,   51,33682,  198
 60776.650, 16643,22039,18070,-99999,-99999,-99999, 1487,-999, 3550499,-11833445,131728,36787,   82,33688,  202
 60777.650, 16636,22039,18101,-99999,-99999,-99999, 1487,-999, 3550658,-11833506,131729,36791,  110,33695,  204
 60778.650, 16624,22037,18140,-99999,-99999,-99999, 1487,-999, 3550817,-11833567,131729,36796,  134,33704,  205
 60779.650, 16614,22036,18182,-99999,-99999,-99999, 1490,-999, 3550976,-11833627,131729,36801,  146,33711,  208
 60780.650, 16602,22037,18215,-99999,-99999,-99999, 1488,-999, 3551143,-11833680,131902,36810,  163,33724,  215
 60781.650, 16590,22036,18251,-99999,-99999,-99999, 1490,-999, 3551297,-11833747,131915,36816,  177,33735,  217
 60782.650, 16577,22040,18299,-99999,-99999,-99999, 1489,-999, 3551459,-11833809,131919,36831,  196,33750,  219
 60783.650, 16565,22042,18365,-99999,-99999,-99999, 1491,-999, 3551621,-11833872,131924,36841,  205,33766,  223
 60784.650, 16552,22040,18417,-99999,-99999,-99999, 1490,-999, 3551783,-11833934,131929,36847,  214,33776,  230
 60785.650, 16538,22047,18490,-99999,-99999,-99999, 1492,-999, 3551944,-11833991,131934,36867,  227,33788,  237
 60786.650, 16523,22051,18549,-99999,-99999,-99999, 1489,-999, 3552116,-11834075,131991,36883,  231,33800,  242
 60787.650, 16508,22053,18571,-99999,-99999,-99999, 1489,-999, 3552282,-11834139,132060,36896,  233,33816,  250
 60788.650, 16494,22058,18590,-99999,-99999,-99999, 1489,-999, 3552448,-11834201,132068,36914,  236,33834,  262
 60789.650, 16486,22064,18603,-99999,-99999,-99999, 1489,-999, 3552612,-11834264,132075,36929,  239,33848,  308
 60790.650, 16471,22067,18614,-99999,-99999,-99999, 1492,-999, 3552776,-11834319,132100,36943,  245,33871,  371
 60791.650, 16448,22065,18608,-99999,-99999,-99999, 1493,-999, 3552944,-11834384,132167,36955,  245,33896,  416
 60792.650, 16420,22065,18611,-99999,-99999,-99999, 1493,-999, 3553111,-11834445,132175,36972,  244,33913,  447
 60793.650, 16386,22063,18651,-99999,-99999,-99999, 1492,-999, 3553281,-11834506,132242,36991,  241,33937,  489
 60794.650, 16353,22061,18652,-99999,-99999,-99999, 1492,-999, 3553457,-11834542,132399,37010,  235,33952,  517
 60795.650, 16317,22057,18620,-99999,-99999,-99999, 1493,-999, 3553632,-11834598,132449,37026,  222,33973,  550
 60796.650, 16277,22054,18593,-99999,-99999,-99999, 1495,-999, 3553807,-11834655,132462,37047,  211,33998,  576
 60797.650, 16236,22048,18572,-99999,-99999,-99999, 1492,-999, 3553984,-11834714,132478,37064,  205,34017,  593
 60798.650, 16193,22042,18558,-99999,-99999,-99999, 1494,-999, 3554131,-11834797,132545,37081,  204,34039,  615
 60799.650, 16147,22034,18550,-99999,-99999,-99999, 1493,-999, 3554271,-11834871,132679,37098,  205,34052,  625
 60800.650, 16103,22027,18537,-99999,-99999,-99999, 1492,-999, 3554441,-11834938,132703,37116,  198,34069,  635
 60801.650, 16057,22022,18485,-99999,-99999,-99999, 1492,-999, 3554611,-11835003,132722,37137,  195,34087,  644
 60802.650, 16012,22019,18435,-99999,-99999,-99999, 1494,-999, 3554788,-11835059,132746,37162,  190,34102,  645
 60803.650, 15968,22013,18425,-99999,-99999,-99999, 1493,-999, 3554960,-11835119,132763,37182,  190,34124,  646
 60804.650, 15922,22015,18417,-99999,-99999,-99999, 1495,-999, 3555143,-11835141,132902,37215,  191,34138,  647
 60805.650, 15877,22013,18369,-99999,-99999,-99999, 1495,-999, 3555323,-11835194,132924,37242,  186,34165,  643
 60806.650, 15832,22016,18361,-99999,-99999,-99999, 1496,-999, 3555509,-11835225,133005,37277,  185,34185,  640
 60807.650, 15788,22016,18343,-99999,-99999,-99999, 1495,-999, 3555627,-11835285,133439,37306,  188,34206,  635
 60808.650, 15744,22031,18251,-99999,-99999,-99999, 1497,-999, 3555769,-11835344,133606,37362,  184,34228,  629
 60809.650, 15703,22040,18149,-99999,-99999,-99999, 1495,-999, 3555934,-11835387,133833,37405,  177,34248,  622
 60810.650, 15664,22034,18068,-99999,-99999,-99999, 1493,-999, 3556101,-11835432,134056,37422,  188,34264,  613
 60811.650, 15624,22024,18028,-99999,-99999,-99999, 1498,-999, 3556263,-11835479,134280,37433,  193,34267,  601
 60812.650, 15587,22013,17990,-99999,-99999,-99999, 1498,-999, 3556408,-11835536,134407,37439,  185,34271,  588
 60813.650, 15551,22003,17953,-99999,-99999,-99999, 1503,-999, 3556569,-11835589,134492,37446,  176,34271,  577
 60814.650, 15514,21992,17922,-99999,-99999,-99999, 1496,-999, 3556717,-11835645,134610,37452,  169,34270,  570
 60815.650, 15480,21982,17892,-99999,-99999,-99999, 1494,-999, 3556877,-11835689,134855,37459,  168,34266,  559
 60816.650, 15445,21971,17876,-99999,-99999,-99999, 1498,-999, 3557023,-11835729,135086,37466,  164,34265,  546
 60817.650, 15409,21961,17863,-99999,-99999,-99999, 1497,-999, 3557175,-11835779,135224,37473,  155,34261,  507
 60818.650, 15378,21951,17850,-99999,-99999,-99999, 1498,-999, 3557330,-11835818,135432,37478,  150,34259,  475
 60819.650, 15350,21942,17840,-99999,-99999,-99999, 1497,-999, 3557485,-11835868,135540,37481,  151,34257,  453
 60820.650, 15322,21931,17842,-99999,-99999,-99999, 1500,-999, 3557643,-11835919,135635,37483,  152,34257,  424
 60821.650, 15298,21923,17841,-99999,-99999,-99999, 1499,-999, 3557792,-11835967,135878,37485,  151,34258,  400
 60822.650, 15277,21916,17836,-99999,-99999,-99999, 1498,-999, 3557947,-11836016,136006,37488,  149,34258,  384
 60823.650, 15255,21909,17843,-99999,-99999,-99999, 1501,-999, 3558106,-11836066,136104,37492,  151,34260,  364
 60824.650, 15238,21904,17847,-99999,-99999,-99999, 1500,-999, 3558268,-11836125,136228,37495,  154,34261,  353
 60825.650, 15220,21902,17857,-99999,-99999,-99999, 1499,-999, 3558423,-11836173,136472,37504,  163,34262,  338
 60826.650, 15203,21900,17872,-99999,-99999,-99999, 1501,-999, 3558577,-11836221,136609,37513,  164,34263,  327
 60827.650, 15187,21901,17884,-99999,-99999,-99999, 1502,-999, 3558730,-11836260,136804,37526,  159,34265,  316
 60828.650, 15173,21904,17895,-99999,-99999,-99999, 1498,-999, 3558888,-11836307,136910,37542,  157,34269,  307
 60829.650, 15159,21903,17920,-99999,-99999,-99999, 1498,-999, 3559042,-11836353,137008,37548,  158,34272,  302
 60830.650, 15144,21903,17953,-99999,-99999,-99999, 1501,-999, 3559199,-11836397,137211,37559,  160,34276,  298
 60831.650, 15132,21905,17969,-99999,-99999,-99999, 1503,-999, 3559358,-11836442,137309,37572,  157,34276,  298
 60832.650, 15118,21905,17988,-99999,-99999,-99999, 1498,-999, 3559513,-11836488,137407,37581,  148,34279,  296
 60833.650, 15104,21902,18012,-99999,-99999,-99999, 1500,-999, 3559669,-11836522,137524,37587,  143,34286,  297
 60834.650, 15090,21899,18038,-99999,-99999,-99999, 1502,-999, 3559829,-11836570,137626,37591,  143,34290,  299
 60835.650, 15077,21895,18057,-99999,-99999,-99999, 1498,-999, 3559988,-11836618,137725,37594,  146,34297,  302
 60836.650, 15063,21892,18072,-99999,-99999,-99999, 1497,-999, 3560155,-11836662,137872,37598,  147,34300,  304
 60837.650, 15048,21889,18102,-99999,-99999,-99999, 1501,-999, 3560314,-11836709,137972,37603,  144,34304,  305
 60838.650, 15035,21886,18142,-99999,-99999,-99999, 1499,-999, 3560467,-11836754,138096,37607,  139,34312,  309
 60839.650, 15021,21882,18174,-99999,-99999,-99999, 1498,-999, 3560631,-11836800,138247,37611,  133,34315,  313
 60840.650, 15005,21876,18199,-99999,-99999,-99999, 1502,-999, 3560788,-11836843,138394,37612,  131,34316,  318
 60841.650, 14989,21875,18225,-99999,-99999,-99999, 1498,-999, 3560949,-11836888,138536,37623,  130,34320,  323
 60842.650, 14975,21877,18243,-99999,-99999,-99999, 1501,-999, 3561109,-11836931,138678,37636,  130,34322,  329
 60843.650, 14957,21876,18267,-99999,-99999,-99999, 1502,-999, 3561266,-11836975,138785,37647,  128,34320,  336
 60844.650, 14941,21877,18285,-99999,-99999,-99999, 1501,-999, 3561424,-11837020,138921,37659,  122,34318,  340
 60845.650, 14922,21887,18289,-99999,-99999,-99999, 1501,-999, 3561583,-11837065,139071,37690,  116,34316,  346
 60846.650, 14904,21893,18317,-99999,-99999,-99999, 1505,-999, 3561743,-11837107,139175,37714,  110,34319,  348
 60847.650, 14888,21891,18332,-99999,-99999,-99999, 1500,-999, 3561906,-11837152,139278,37723,   99,34333,  351
 60848.650, 14868,21888,18354,-99999,-99999,-99999, 1502,-999, 3562069,-11837194,139375,37731,  103,34350,  358
 60849.650, 14850,21889,18352,-99999,-99999,-99999, 1502,-999, 3562229,-11837238,139471,37747,  105,34362,  361
 60850.650, 14832,21880,18373,-99999,-99999,-99999, 1502,-999, 3562389,-11837283,139593,37744,  110,34384,  362
 60851.650, 14811,21880,18388,-99999,-99999,-99999, 1500,-999, 3562550,-11837326,139738,37759,  120,34398,  363
 60852.650, 14793,21877,18410,-99999,-99999,-99999, 1502,-999, 3562712,-11837368,139835,37767,  112,34413,  362
 60853.650, 14774,21871,18423,-99999,-99999,-99999, 1504,-999, 3562875,-11837410,139929,37771,  105,34433,  367
 60854.650, 14753,21866,18437,-99999,-99999,-99999, 1504,-999, 3563039,-11837455,140025,37777,  107,34447,  368
 60855.650, 14734,21861,18450,-99999,-99999,-99999, 1505,-999, 3563204,-11837495,140157,37783,  112,34462,  367
 60856.650, 14715,21865,18437,-99999,-99999,-99999, 1504,-999, 3563367,-11837541,140282,37804,  102,34479,  368
 60857.650, 14696,21866,18424,-99999,-99999,-99999, 1506,-999, 3563527,-11837584,140404,37819,   95,34498,  371
 60858.650, 14676,21860,18424,-99999,-99999,-99999, 1507,-999, 3563690,-11837626,140497,37823,  102,34508,  372
 60859.650, 14656,21855,18426,-99999,-99999,-99999, 1507,-999, 3563852,-11837672,140621,37830,  105,34521,  371
 60860.650, 14636,21848,18435,-99999,-99999,-99999, 1506,-999, 3564014,-11837710,140758,37833,   97,34532,  369
 60861.650, 14618,21844,18438,-99999,-99999,-99999, 1507,-999, 3564176,-11837754,140882,37838,   88,34545,  371
 60862.650, 14598,21839,18440,-99999,-99999,-99999, 1505,-999, 3564335,-11837797,141026,37844,   85,34554,  373
 60863.650, 14577,21834,18442,-99999,-99999,-99999, 1506,-999, 3564497,-11837841,141152,37852,   83,34559,  373
