flight/ER2/SEAC4RS-MMS-1HZ_ER2_20130801_RA.ict
49, 1001                                                                                                                                                                                                
Bui, T. Paul                                                                                                                                                                                            
NASA Ames Research Center                                                                                                                                                                               
MMS - Meteorological Measurement System                                                                                                                                                                 
SEAC4RS                                                                                                                                                                                                 
1, 1                                                                                                                                                                                                    
2013, 08, 01, 2013, 08, 04                                                                                                                                                                              
-1                                                                                                                                                                                                      
TIME_UTC, seconds, elapsed time from 0000 UTC                                                                                                                                                           
15                                                                                                                                                                                                      
0.01, 0.01, 0.01, 0.01, 0.01, 0.001, 0.01, 0.01, 0.00001, 0.00001, 0.1, 0.01, 0.01, 0.01, 0.01                                                                                                          
-99999, -9999, -9999, -99999, -99999, -99999, -9999, -999, -9999999, -99999999, -99999, -9999, -9999, -9999, -9999                                                                                      
P, hPa, Static Pressure                                                                                                                                                                                 
T, K, Static Temperature                                                                                                                                                                                
TAS, m/s, True Air Speed                                                                                                                                                                                
U, m/s, E-W Horizontal Wind Speed                                                                                                                                                                       
[...]
DM_CONTACT_INFO: Jon Dean-Day, Bay Area Environmental Research Institute, 596 First St.                                                                                                                 
West, Sonoma, CA, 95476; email: jonathan.m.dean-day@nasa.gov                                                                                                                                            
PROJECT_INFO: SEAC4RS mission August 1 - September 30, 2013; Houston, TX                                                                                                                                
OTHER_COMMENTS:                                                                                                                                                                                         
..\cv\e_130801.cva                                                                                                                                                                                      
REVISION: RA                                                                                                                                                                                            
RA: FIELD DATA                                                                                                                                                                                          
TIME_UTC, P, T, TAS, U, V, W, TEDR, REYN, G_LAT, G_LONG, G_ALT, POT, ROLL, HDG, PITCH                                                                                                                   
[from data line 143]
 77328.650, 52156,27171,11384,   983,   343,  -494, -937, 561, 3473615,-11814762, 46836,32725,  -22,33472, 1366
 77329.650, 51987,27157,11407,   983,   375,  -382,-1164, 561, 3473698,-11814809, 46840,32739,  -16,33481, 1295
 77330.650, 51823,27142,11447,   975,   385,  -567,-1202, 561, 3473781,-11814864, 46839,32750,   -4,33483, 1257
 77331.650, 51672,27125,11482,   965,   409,  -404,-1016, 561, 3473859,-11814913, 46841,32756,   25,33482, 1214
 77332.650, 51514,27112,11534,   968,   429,  -488,-1125, 561, 3473936,-11814964, 46843,32770,   40,33477, 1169
 77333.650, 51370,27101,11595,   985,   448,  -371, -803, 562, 3474014,-11815013, 46845,32782,   52,33464, 1106
 77334.650, 51230,27083,11674,  1003,   453,  -465, -966, 563, 3474084,-11815058, 46847,32786,   49,33449, 1052
 77335.650, 51104,27065,11711,  1007,   443,  -446, -841, 562, 3474147,-11815099, 46848,32788,   55,33445, 1044
 77336.650, 50974,27047,11725,  1017,   439,  -178, -952, 563, 3474204,-11815136, 46848,32789,   72,33450, 1004
 77337.650, 50842,27029,11718,  1012,   442,  -332, -901, 563, 3474256,-11815169, 46848,32792,   69,33456,  965
 77338.650, 50721,27012,11690,   993,   445,  -335,-1026, 562, 3474304,-11815200, 46849,32794,   37,33467,  888
 77339.650, 50612,27002,11685,  1037,   463,  -405, -786, 563, 3474346,-11815227, 46849,32801,   25,33470,  833
 77340.650, 50510,26991,11691,  1100,   485,  -401, -766, 565, 3474384,-11815251, 46849,32807,   21,33450,  805
 77341.650, 50414,26980,11691,  1134,   500,  -236,-1072, 567, 3474419,-11815274, 46849,32812,    3,33394,  768
 77342.650, 50320,26968,11691,  1113,   489,  -329, -989, 566, 3474450,-11815294, 46849,32814,   -8,33368,  742
 77343.650, 50233,26955,11681,  1074,   475,  -205,-1073, 565, 3474479,-11815312, 46849,32815,   -5,33377,  734
 77344.650, 50140,26942,11673,  1062,   481,  -489, -854, 565, 3474644,-11815724, 46847,32817,   14,33404,  706
 77345.650, 50065,26935,11651,  1033,   512,  -561,-1082, 564, 3474687,-11815795, 46847,32822,   31,33433,  758
 77346.650, 49974,26921,11691,  1042,   533,  -506, -947, 564, 3474730,-11815866, 46847,32822,   22,33432,  836
 77347.650, 49878,26909,11690,  1023,   568,  -892, -899, 564, 3474769,-11815931, 46847,32826,   17,33416,  924
 77348.650, 49772,26900,11666,  1033,   615,  -285,-1189, 565, 3474804,-11815989, 46847,32834,   10,33402, 1050
 77349.650, 49636,26882,11678,  1065,   632,  -507, -893, 567, 3474836,-11816042, 46847,32838,   10,33393, 1098
 77350.650, 49501,26867,11659,  1062,   681,  -524, -962, 567, 3474864,-11816089, 46847,32845,   28,33374, 1169
 77351.650, 49355,26847,11682,  1063,   712,  -607, -978, 568, 3474890,-11816133, 46847,32849,   60,33353, 1238
 77352.650, 49209,26825,11719,  1050,   708,  -744,-1109, 567, 3474914,-11816172, 46847,32850,   82,33344, 1295
 77353.650, 49054,26802,11740,  1036,   705,  -576,-1167, 567, 3474935,-11816207, 46847,32851,  111,33354, 1410
 77354.650, 48879,26778,11738,  1021,   715,  -610,-1001, 567, 3474964,-11816310, 46847,32854,  144,33373, 1458
 77355.650, 48698,26754,11724,  1005,   728,  -679,-1101, 567, 3475072,-11816551, 46847,32860,  174,33401, 1516
 77356.650, 48515,26727,11720,   999,   725,  -704, -961, 566, 3475107,-11816629, 46847,32863,  168,33423, 1563
 77357.650, 48327,26699,11706,   997,   729,  -774, -748, 566, 3475141,-11816706, 46847,32865,  151,33437, 1591
 77358.650, 48138,26670,11691,  1012,   736,  -883, -817, 567, 3475173,-11816776, 46847,32866,  141,33446, 1625
 77359.650, 47947,26641,11661,   986,   729,  -861, -898, 565, 3475201,-11816839, 46847,32867,  115,33443, 1651
 77360.650, 47753,26614,11636,   952,   713,  -908, -894, 565, 3475227,-11816896, 46847,32871,   82,33453, 1690
 77361.650, 47557,26583,11628,   949,   673,  -926,-1000, 564, 3475250,-11816948, 46847,32872,   63,33493, 1741
 77362.650, 47350,26552,11610,   949,   658, -1022, -934, 563, 3475271,-11816996, 46847,32875,   67,33520, 1731
 77363.650, 47152,26521,11582,   953,   636,  -903, -768, 562, 3475290,-11817037, 46847,32876,   76,33531, 1738
 77364.650, 46948,26495,11538,   936,   636,  -819,-1046, 561, 3475307,-11817076, 46847,32884,   81,33523, 1704
 77365.650, 46755,26472,11517,   944,   621,  -721, -860, 562, 3475323,-11817111, 46847,32895,   79,33517, 1661
 77366.650, 46562,26448,11501,   974,   625,  -791, -928, 562, 3475337,-11817143, 46847,32904,   76,33517, 1630
 77367.650, 46381,26427,11452,  1009,   686, -1133, -877, 564, 3475350,-11817171, 46847,32914,   45,33512, 1591
 77368.650, 46214,26411,11393,  1036,   734,  -804, -987, 566, 3475361,-11817197, 46847,32928,   17,33491, 1589
 77369.650, 46037,26390,11343,  1022,   769,  -835, -982, 566, 3475372,-11817220, 46847,32938,   -5,33457, 1570
 77370.650, 45865,26365,11319,   999,   766,  -760, -969, 566, 3475381,-11817241, 46847,32942,   17,33438, 1538
 77371.650, 45698,26345,11298,  1000,   788,  -913,-1072, 566, 3475390,-11817260, 46847,32951,   35,33440, 1512
 77372.650, 45539,26324,11292,  1012,   791,  -831, -950, 566, 3475398,-11817278, 46847,32958,   15,33454, 1492
 77373.650, 45378,26302,11269,  1015,   818,  -870, -904, 567, 3475404,-11817293, 46847,32964,    3,33454, 1476
 77374.650, 45223,26279,11278,  1033,   813,  -776,-1000, 567, 3475639,-11817919, 46847,32967,   -8,33439, 1458
 77375.650, 45067,26260,11302,  1073,   813,  -856,-1115, 568, 3475673,-11818014, 46847,32975,  -22,33411, 1434
 77376.650, 44912,26238,11301,  1064,   822, -1124, -827, 568, 3475702,-11818090, 46847,32980,  -31,33392, 1415
 77377.650, 44767,26217,11295,  1052,   832, -1018, -875, 568, 3475731,-11818166, 46847,32984,  -38,33379, 1385
 77378.650, 44622,26195,11281,  1028,   845,  -790, -884, 567, 3475758,-11818235, 46847,32988,  -29,33381, 1346
 77379.650, 44481,26199,11257,  1053,   906,  -616,-1042, 569, 3475782,-11818297, 46848,33022,  -10,33387, 1299
 77380.650, 44343,26195,11273,  1064,   931,  -717,-1137, 569, 3475811,-11818396, 46847,33046,   -4,33371, 1260
 77381.650, 44216,26176,11279,  1028,   942,  -680,-1049, 569, 3475832,-11818462, 46847,33050,  -12,33340, 1216
 77382.650, 44090,26160,11295,   989,   955,  -725,-1191, 568, 3475854,-11818528, 46847,33056,  -23,33337, 1175
 77383.650, 43971,26139,11316,   963,   961,  -659, -879, 568, 3475873,-11818587, 46847,33055,  -18,33352, 1159
 77384.650, 43852,26119,11350,   960,   978,  -594, -949, 568, 3475893,-11818656, 46847,33055,    6,33374, 1128
 77385.650, 43732,26101,11369,   934,  1008,  -760, -847, 568, 3475977,-11818856, 46847,33059,   19,33375, 1108
 77386.650, 43623,26084,11419,   941,  1007,  -567, -953, 568, 3476005,-11818936, 46847,33060,   27,33366, 1087
 77387.650, 43510,26063,11493,   942,   997,  -402, -962, 568, 3476033,-11819016, 46847,33059,   32,33354, 1062
 77388.650, 43395,26044,11567,   952,   977,  -509, -977, 567, 3476058,-11819088, 46847,33059,   36,33352, 1042
 77389.650, 43280,26024,11646,   952,   965,  -323,-1133, 567, 3476081,-11819154, 46847,33058,   44,33355,  971
 77390.650, 43168,26007,11745,   970,   941,  -322, -990, 567, 3476102,-11819213, 46847,33062,   55,33358,  898
 77391.650, 43071,25991,11869,  1009,   918,  -394, -802, 567, 3476120,-11819267, 46847,33062,   68,33354,  805
 77392.650, 42986,25974,11982,  1032,   925,  -279, -767, 568, 3479233,-11817794, 46879,33060,   69,33342,  750
 77393.650, 42901,25959,12090,  1049,   911,  -190, -863, 568, 3479324,-11817804, 46879,33059,   70,33333,  711
 77394.650, 42819,25943,12217,  1064,   912,   -74, -731, 568, 3479158,-11818222, 46885,33058,   69,33325,  653
 77395.650, 42741,25929,12346,  1088,   905,   -40, -787, 568, 3480245,-11817816, 46917,33057,   74,33325,  616
 77396.650, 42668,25916,12483,  1109,   898,    21, -978, 569, 3480347,-11817859, 46919,33056,   78,33321,  567
 77397.650, 42597,25902,12611,  1117,   918,    33, -782, 569, 3480449,-11817902, 46920,33054,   80,33315,  527
 77398.650, 42533,25891,12739,  1130,   909,    88, -754, 570, 3480551,-11817945, 46921,33054,   88,33311,  513
 77399.650, 42466,25876,12887,  1134,   887,   261, -720, 569, 3480653,-11817988, 46922,33051,  102,33308,  476
 77400.650, 42400,25865,13004,  1157,   861,   182, -720, 570, 3480755,-11818031, 46923,33051,  120,33315,  431
 77401.650, 42347,25857,13118,  1186,   838,   241, -810, 570, 3480847,-11818070, 46924,33052,  138,33324,  395
 77402.650, 42296,25850,13200,  1211,   812,   345,-1076, 570, 3480931,-11818105, 46924,33054,  143,33328,  373
 77403.650, 42249,25844,13255,  1230,   798,   283,-1000, 570, 3481006,-11818137, 46925,33057,  147,33329,  361
 77404.650, 42204,25837,13279,  1227,   800,   438,-1051, 570, 3481135,-11818112, 46926,33058,  149,33332,  385
 77405.650, 42147,25829,13307,  1228,   786,   400,-1114, 570, 3481355,-11818062, 46928,33061,  143,33342,  377
 77406.650, 42096,25821,13321,  1227,   789,   694,-1164, 570, 3481452,-11818071, 46928,33062,  139,33356,  365
 77407.650, 42032,25810,13349,  1232,   780,   562,-1159, 570, 3481548,-11818080, 46928,33063,  143,33362,  324
 77408.650, 41986,25803,13370,  1229,   781,   343,-1210, 570, 3481635,-11818088, 46928,33064,  146,33367,  280
 77409.650, 41952,25798,13389,  1219,   782,   472,-1181, 570, 3481715,-11818096, 46928,33065,  147,33374,  263
 77410.650, 41914,25792,13408,  1216,   782,   485, -979, 569, 3481786,-11818103, 46928,33066,  134,33384,  256
 77411.650, 41875,25785,13439,  1216,   780,   396,-1028, 569, 3481851,-11818109, 46928,33066,  121,33397,  243
 77412.650, 41840,25778,13467,  1226,   780,   303,-1131, 569, 3481910,-11818114, 46928,33065,  112,33403,  237
 77413.650, 41810,25775,13487,  1221,   783,   550, -976, 569, 3481963,-11818119, 46928,33068,  100,33403,  244
 77414.650, 41764,25768,13534,  1225,   765,   237,-1109, 569, 3482217,-11818014, 46929,33069,   90,33406,  234
 77415.650, 41728,25760,13570,  1237,   755,    23,-1468, 569, 3482760,-11819344, 46969,33066,   83,33411,  228
 77416.650, 41699,25754,13593,  1238,   763,   171,-1147, 569, 3482875,-11819400, 46970,33065,   78,33414,  223
 77417.650, 41666,25748,13611,  1233,   767,   279,-1075, 569, 3482991,-11819455, 46971,33065,   72,33414,  220
 77418.650, 41630,25743,13646,  1240,   761,   136,-1052, 569, 3483107,-11819512, 46972,33067,   66,33416,  212
 77419.650, 41599,25738,13683,  1253,   762,   126,-1151, 570, 3483223,-11819567, 46973,33068,   61,33416,  207
 77420.650, 41567,25732,13723,  1257,   746,   -56, -908, 570, 3483260,-11819391, 46995,33067,   58,33415,  204
 77421.650, 41537,25725,13755,  1271,   747,  -134, -896, 570, 3483377,-11819445, 46996,33065,   54,33415,  213
 77422.650, 41507,25719,13776,  1272,   752,     0,-1126, 570, 3483494,-11819497, 46998,33064,   58,33413,  215
 77423.650, 41473,25713,13798,  1269,   753,     4, -954, 570, 3483610,-11819551, 47000,33064,   75,33410,  208
 77424.650, 41438,25707,13828,  1270,   752,  -120,-1061, 570, 3483472,-11818955, 47298,33064,  140,33409,  190
 77425.650, 41412,25701,13855,  1260,   738,   -79, -975, 570, 3483592,-11819445, 47643,33063,  155,33416,  185
 77426.650, 41387,25696,13859,  1250,   739,    35,-1011, 569, 3483708,-11819499, 47659,33063,  153,33437,  167
 77427.650, 41361,25692,13865,  1259,   745,    55,-1045, 570, 3483824,-11819553, 47676,33063,  159,33452,  162
 77428.650, 41336,25687,13879,  1267,   745,   194,-1164, 570, 3483940,-11819607, 47692,33063,  165,33458,  155
 77429.650, 41309,25682,13889,  1275,   746,   130,-1235, 570, 3484056,-11819661, 47709,33062,  153,33458,  148
 77430.650, 41290,25678,13890,  1295,   755,    73,-1198, 571, 3484227,-11819394, 49810,33062,  145,33466,  154
 77431.650, 41269,25675,13887,  1284,   763,   240,-1121, 571, 3484346,-11819446, 49878,33062,  144,33481,  176
 77432.650, 41238,25669,13893,  1287,   763,   178,-1114, 570, 3484465,-11819498, 49945,33062,  146,33494,  193
 77433.650, 41208,25665,13897,  1297,   766,   240,-1175, 571, 3484585,-11819550, 50012,33063,  148,33501,  211
 77434.650, 41175,25660,13900,  1296,   761,    66,-1045, 571, 3484636,-11819527, 50520,33064,  152,33502,  219
 77435.650, 41140,25655,13897,  1277,   752,   408,-1090, 570, 3484714,-11819534, 50820,33066,  149,33512,  230
 77436.650, 41089,25647,13919,  1280,   730,   303,-1061, 570, 3484832,-11819584, 50901,33067,  154,33523,  147
 77437.650, 41081,25645,13898,  1272,   748,     7,-1090, 570, 3484950,-11819635, 50983,33067,  162,33541,  210
 77438.650, 41052,25642,13870,  1269,   751,   351,-1286, 570, 3485056,-11819681, 51033,33070,  172,33549,  196
 77439.650, 41019,25637,13844,  1266,   754,   345,-1113, 570, 3485153,-11819723, 51063,33071,  176,33557,  199
 77440.650, 40977,25630,13843,  1274,   734,   298,-1190, 570, 3485231,-11819751, 51074,33072,  184,33566,  131
 77441.650, 40959,25628,13812,  1261,   743,    15,-1103, 569, 3485312,-11819786, 51085,33073,  187,33574,  113
 77442.650, 40952,25628,13775,  1247,   756,   295,-1114, 569, 3485392,-11819823, 51095,33074,  191,33591,  123
 77443.650, 40929,25623,13758,  1249,   755,    80, -992, 569, 3485466,-11819856, 51102,33073,  195,33604,  114
 77444.650, 40921,25621,13725,  1242,   770,  -169,-1178, 569, 3486223,-11819535, 51355,33073,  202,33620,  167
 77445.650, 40902,25617,13698,  1247,   766,    71,-1277, 569, 3486115,-11819880, 53352,33072,  203,33630,  210
 77446.650, 40871,25612,13669,  1238,   767,  -420,-1078, 569, 3486234,-11819930, 53412,33073,  178,33642,  260
 77447.650, 40853,25610,13605,  1225,   778,  -260,-1089, 569, 3486353,-11819979, 53473,33075,   84,33666,  419
 77448.650, 40801,25603,13556,  1229,   789,  -404,-1048, 569, 3486472,-11820030, 53534,33076,   41,33677,  511
 77449.650, 40745,25595,13473,  1233,   798,  -561,-1203, 569, 3486591,-11820079, 53595,33080,  -12,33673,  700
 77450.650, 40662,25583,13376,  1233,   811,  -350,-1087, 569, 3486710,-11820129, 53656,33083,  -38,33661,  834
 77451.650, 40550,25566,13284,  1227,   798,  -470,-1150, 569, 3486829,-11820179, 53717,33088,  -80,33642,  979
 77452.650, 40430,25550,13162,  1192,   804,  -513,-1100, 568, 3486937,-11820224, 53754,33095, -110,33636, 1081
 77453.650, 40298,25540,13101,  1220,   813,  -578, -784, 569, 3487034,-11820265, 53776,33113, -128,33635, 1178
 77454.650, 40160,25521,13073,  1316,   808,  -601, -843, 571, 3487283,-11820394, 54438,33121, -120,33603, 1305
 77455.650, 40007,25496,13022,  1313,   815,  -604, -952, 570, 3487184,-11820624, 54950,33124, -127,33559, 1392
 77456.650, 39844,25470,12972,  1307,   812,  -638, -922, 571, 3487293,-11820672, 54990,33129, -156,33516, 1519
 77457.650, 39669,25444,12891,  1301,   824,  -660,-1245, 571, 3487402,-11820720, 55031,33137, -152,33509, 1633
 77458.650, 39484,25424,12780,  1308,   875,  -528,-1162, 571, 3487512,-11820768, 55072,33156, -132,33507, 1695
 77459.650, 39282,25402,12711,  1399,   891,  -360, -930, 573, 3487621,-11820816, 55112,33175,  -98,33476, 1695
 77460.650, 39084,25375,12660,  1457,   894,  -527,-1061, 574, 3487730,-11820864, 55153,33187,  -90,33428, 1661
 77461.650, 38900,25348,12595,  1405,   863,  -448, -809, 573, 3487840,-11820912, 55194,33198,  -99,33374, 1609
 77462.650, 38724,25323,12539,  1354,   819,  -496, -922, 571, 3487939,-11820956, 55219,33207,   32,33362, 1548
 77463.650, 38555,25298,12491,  1306,   790,  -381, -887, 570, 3488028,-11820995, 55234,33216,  208,33363, 1503
 77464.650, 38389,25273,12463,  1250,   747,  -414, -924, 568, 3488142,-11820784, 55482,33225,  482,33383, 1404
 77465.650, 38237,25251,12438,  1192,   713,  -417,-1050, 566, 3488191,-11820692, 55681,33232,  598,33429, 1300
 77466.650, 38097,25230,12427,  1149,   693,  -413, -798, 564, 3488269,-11820706, 55696,33240,  621,33476, 1218
 77467.650, 37968,25211,12429,  1095,   673,  -443,-1003, 562, 3488347,-11820720, 55710,33247,  609,33549, 1107
 77468.650, 37855,25195,12443,  1050,   658,  -613, -892, 561, 3488418,-11820733, 55720,33254,  593,33606, 1042
 77469.650, 37754,25180,12470,  1007,   638,  -426, -991, 559, 3488481,-11820745, 55725,33259,  557,33691,  985
