flight/ER2/SEAC4RS-MMS-1HZ_ER2_20130801_RA.ict
49, 1001                                                                                                                                                                                                
Bui, T. Paul                                                                                                                                                                                            
NASA Ames Research Center                                                                                                                                                                               
MMS - Meteorological Measurement System                                                                                                                                                                 
SEAC4RS                                                                                                                                                                                                 
1, 1                                                                                                                                                                                                    
2013, 08, 01, 2013, 08, 04                                                                                                                                                                              
-1                                                                                                                                                                                                      
TIME_UTC, seconds, elapsed time from 0000 UTC                                                                                                                                                           
15                                                                                                                                                                                                      
0.01, 0.01, 0.01, 0.01, 0.01, 0.001, 0.01, 0.01, 0.00001, 0.00001, 0.1, 0.01, 0.01, 0.01, 0.01                                                                                                          
-99999, -9999, -9999, -99999, -99999, -99999, -9999, -999, -9999999, -99999999, -99999, -9999, -9999, -9999, -9999                                                                                      
P, hPa, Static Pressure                                                                                                                                                                                 
T, K, Static Temperature                                                                                                                                                                                
TAS, m/s, True Air Speed                                                                                                                                                                                
U, m/s, E-W Horizontal Wind Speed                                                                                                                                                                       
[...]
DM_CONTACT_INFO: Jon Dean-Day, Bay Area Environmental Research Institute, 596 First St.                                                                                                                 
West, Sonoma, CA, 95476; email: jonathan.m.dean-day@nasa.gov                                                                                                                                            
PROJECT_INFO: SEAC4RS mission August 1 - September 30, 2013; Houston, TX                                                                                                                                
OTHER_COMMENTS:                                                                                                                                                                                         
..\cv\e_130801.cva                                                                                                                                                                                      
REVISION: RA                                                                                                                                                                                            
RA: FIELD DATA                                                                                                                                                                                          
TIME_UTC, P, T, TAS, U, V, W, TEDR, REYN, G_LAT, G_LONG, G_ALT, POT, ROLL, HDG, PITCH                                                                                                                   
[from data line 6286]
 83471.650,  5620,21297,20667,  -735,  -534,  -487, -935, 476, 3354862,-11932936,202081,48477,-2336, 3557,   93
 83472.650,  5619,21296,20671,  -735,  -539,  -477,-1039, 477, 3355006,-11932812,202080,48476,-2333, 3424,   88
 83473.650,  5619,21295,20677,  -738,  -543,  -475,-1004, 477, 3355151,-11932688,202078,48475,-2328, 3328,   86
 83474.650,  5619,21297,20684,  -744,  -547,  -486, -893, 477, 3355295,-11932566,202076,48478,-2332, 3198,   84
 83475.650,  5620,21298,20677,  -742,  -539,  -531,-1235, 477, 3355440,-11932442,202074,48479,-2339, 3068,   85
 83476.650,  5621,21297,20675,  -744,  -535,  -459, -953, 477, 3355585,-11932319,202071,48477,-2335, 2975,   86
 83477.650,  5619,21293,20686,  -744,  -547,  -462, -966, 477, 3355729,-11932196,202069,48470,-2328, 2841,   84
 83478.650,  5620,21294,20675,  -740,  -535,  -427, -934, 477, 3355874,-11932073,202067,48469,-2332, 2730,   82
 83479.650,  5620,21292,20674,  -731,  -536,  -497, -911, 477, 3356005,-11931961,202066,48464,-2333, 2613,   80
 83480.650,  5621,21289,20664,  -727,  -525,  -457, -896, 476, 3356123,-11931861,202065,48458,-2336, 2475,   82
 83481.650,  5622,21289,20653,  -712,  -518,  -438,-1049, 475, 3356231,-11931769,202064,48454,-2335, 2377,   80
 83482.650,  5623,21287,20644,  -700,  -512,  -475,-1075, 475, 3356328,-11931687,202064,48448,-2333, 2238,   82
 83483.650,  5622,21286,20643,  -696,  -510,  -440,-1002, 474, 3356415,-11931612,202064,48446,-2336, 2141,   83
 83484.650,  5624,21288,20641,  -690,  -509,  -503,-1236, 474, 3356495,-11931544,202064,48445,-2337, 2010,   84
 83485.650,  5624,21284,20647,  -680,  -516,  -485,-1077, 474, 3356566,-11931483,202064,48438,-2338, 1874,   87
 83486.650,  5624,21288,20655,  -685,  -523,  -556, -973, 474, 3356632,-11931428,202064,48445,-2339, 1782,   88
 83487.650,  5626,21290,20661,  -703,  -523,  -547,-1148, 475, 3356690,-11931378,202064,48447,-2340, 1642,   91
 83488.650,  5624,21289,20670,  -711,  -531,  -579,-1200, 476, 3356743,-11931333,202064,48449,-2327, 1549,   92
 83489.650,  5625,21290,20666,  -712,  -528,  -612,-1178, 475, 3356792,-11931292,202064,48449,-2329, 1423,   93
 83490.650,  5625,21289,20668,  -700,  -534,  -689,-1029, 475, 3356835,-11931254,202064,48446,-2340, 1291,   99
 83491.650,  5625,21289,20666,  -700,  -533,  -680, -859, 475, 3356875,-11931221,202064,48448,-2336, 1198,  102
 83492.650,  5625,21289,20662,  -699,  -531,  -692, -803, 475, 3356910,-11931190,202064,48448,-2332, 1059,  102
 83493.650,  5624,21286,20667,  -697,  -539,  -798, -895, 475, 3356942,-11931163,202064,48444,-2335,  928,  103
 83494.650,  5624,21288,20666,  -693,  -541,  -799, -732, 475, 3356972,-11931138,202064,48446,-2338,  827,  105
 83495.650,  5624,21289,20661,  -692,  -537,  -864, -844, 475, 3356998,-11931115,202064,48447,-2337,  724,  106
 83496.650,  5626,21290,20634,  -682,  -515,  -934, -925, 474, 3357022,-11931095,202064,48447,-2340,  577,  108
 83497.650,  5625,21290,20631,  -678,  -515,  -951, -901, 474, 3357044,-11931076,202064,48448,-2336,  479,  110
 83498.650,  5625,21292,20628,  -698,  -514,  -909, -676, 475, 3357063,-11931060,202064,48455,-2331,  342,  110
 83499.650,  5625,21289,20618,  -687,  -507,  -972, -724, 474, 3357081,-11931045,202064,48448,-2333,  211,  111
 83500.650,  5625,21285,20617,  -670,  -510,  -885, -755, 473, 3357097,-11931031,202064,48437,-2325,  115,  116
 83501.650,  5625,21285,20608,  -667,  -505,  -865, -948, 473, 3357111,-11931019,202064,48439,-2333,35976,  111
 83502.650,  5624,21286,20607,  -676,  -506,  -882, -806, 473, 3357125,-11931008,202064,48443,-2338,35881,  112
 83503.650,  5623,21282,20616,  -662,  -517,  -764, -827, 473, 3357137,-11930998,202064,48437,-2343,35745,  106
 83504.650,  5622,21281,20616,  -658,  -519,  -843,-1074, 473, 3357147,-11930989,202064,48435,-2341,35646,  105
 83505.650,  5623,21280,20616,  -661,  -522,  -725,-1230, 473, 3357157,-11930980,202064,48431,-2330,35505,  103
 83506.650,  5622,21276,20636,  -644,  -541,  -841, -986, 473, 3357166,-11930973,202064,48426,-2323,35378,   99
 83507.650,  5621,21277,20638,  -631,  -542,  -833,-1078, 473, 3357174,-11930966,202064,48428,-2328,35279,   98
 83508.650,  5622,21276,20640,  -619,  -544,  -832,-1033, 472, 3357181,-11930960,202064,48424,-2338,35148,   97
 83509.650,  5624,21277,20639,  -616,  -544,  -771,-1248, 472, 3357187,-11930954,202064,48422,-2337,35047,   97
 83510.650,  5624,21276,20647,  -611,  -551,  -758,-1040, 473, 3357193,-11930949,202064,48419,-2335,34917,   95
 83511.650,  5624,21277,20648,  -624,  -556,  -750, -864, 473, 3357199,-11930944,202064,48423,-2334,34778,   95
 83512.650,  5625,21275,20639,  -623,  -547,  -798, -780, 472, 3357203,-11930941,202064,48415,-2337,34688,   94
 83513.650,  5624,21273,20647,  -599,  -549,  -871, -873, 473, 3357208,-11930937,202064,48413,-2346,34550,   95
 83514.650,  5625,21277,20638,  -621,  -547,  -807, -599, 474, 3357212,-11930934,202064,48421,-2339,34438,   96
 83515.650,  5624,21269,20633,  -617,  -542,  -872, -640, 471, 3357216,-11930931,202064,48405,-2325,34327,   95
 83516.650,  5624,21264,20637,  -586,  -536,  -917, -738, 471, 3357219,-11930928,202064,48392,-2346,34193,   97
 83517.650,  5625,21267,20620,  -585,  -519,  -846, -761, 471, 3357222,-11930925,202064,48396,-2325,34092,   98
 83518.650,  5625,21261,20623,  -560,  -513,  -870, -786, 469, 3357224,-11930923,202064,48382,-2339,33954,   95
 83519.650,  5626,21258,20631,  -545,  -516,  -797, -898, 468, 3357227,-11930921,202064,48375,-2335,33851,   97
 83520.650,  5627,21262,20633,  -550,  -522,  -710, -967, 469, 3357229,-11930919,202064,48381,-2326,33708,   98
 83521.650,  5627,21260,20642,  -548,  -531,  -726, -991, 469, 3357231,-11930918,202064,48376,-2347,33573,  102
 83522.650,  5629,21265,20633,  -578,  -539,  -590,-1226, 471, 3357232,-11930916,202064,48383,-2338,33484,  107
 83523.650,  5627,21261,20643,  -581,  -553,  -748, -920, 472, 3357234,-11930915,202064,48379,-2326,33359,  106
 83524.650,  5627,21260,20640,  -585,  -556,  -560, -696, 471, 3357236,-11930913,202064,48377,-2323,33225,  112
 83525.650,  5627,21265,20660,  -570,  -573,  -482, -969, 473, 3357237,-11930912,202064,48388,-2334,33132,  111
 83526.650,  5626,21288,20616,  -654,  -577,  -657, -873, 476, 3361961,-11933584,202070,48442,-2322,32992,  112
 83527.650,  5626,21293,20572,  -711,  -562,  -677, -571, 473, 3363653,-11932879,202086,48454,-2309,32911,  114
 83528.650,  5625,21286,20598,  -650,  -558,  -476, -813, 474, 3364410,-11932669,202104,48439,-2336,32786,  117
 83529.650,  5624,21284,20628,  -646,  -595,  -466,-1064, 475, 3364672,-11932757,202103,48437,-2353,32656,  109
 83530.650,  5622,21278,20620,  -654,  -594,  -915, -851, 476, 3364837,-11932875,202103,48427,-2343,32565,  112
 83531.650,  5624,21277,20617,  -656,  -595,  -460,-1090, 475, 3364990,-11933002,202103,48421,-2331,32438,  109
 83532.650,  5621,21269,20649,  -622,  -612,  -721,-1005, 475, 3365139,-11933134,202104,48412,-2335,32308,   99
 83533.650,  5623,21273,20630,  -642,  -606,  -483, -896, 476, 3365284,-11933269,202105,48414,-2338,32212,  100
 83534.650,  5622,21278,20632,  -640,  -607,  -299,-1016, 476, 3365427,-11933409,202105,48430,-2330,32078,   92
 83535.650,  5622,21287,20623,  -642,  -597,  -464,-1032, 477, 3365569,-11933552,202106,48450,-2330,31964,   95
 83536.650,  5624,21298,20601,  -678,  -600,  -509, -898, 476, 3365707,-11933699,202106,48471,-2332,31843,   97
 83537.650,  5623,21298,20600,  -677,  -606,  -707,-1112, 476, 3365843,-11933849,202106,48473,-2336,31707,   97
 83538.650,  5624,21298,20586,  -683,  -597,  -789, -856, 477, 3365976,-11934003,202106,48469,-2337,31611,  100
 83539.650,  5622,21288,20609,  -656,  -605,  -782, -949, 476, 3366107,-11934160,202106,48450,-2331,31481,   98
 83540.650,  5624,21285,20613,  -642,  -596,  -634, -916, 475, 3366235,-11934320,202106,48440,-2329,31387,   96
 83541.650,  5624,21290,20607,  -653,  -599,  -442, -988, 476, 3366361,-11934484,202105,48450,-2326,31249,   91
 83542.650,  5625,21297,20604,  -665,  -609,  -569, -982, 478, 3366483,-11934651,202104,48465,-2330,31140,   90
 83543.650,  5625,21303,20597,  -679,  -616,  -685, -890, 477, 3366604,-11934821,202103,48479,-2335,31023,   97
 83544.650,  5625,21305,20587,  -679,  -604,  -811, -847, 476, 3366720,-11934994,202102,48484,-2331,30889,  101
 83545.650,  5625,21300,20591,  -675,  -605,  -830, -903, 477, 3366835,-11935170,202101,48470,-2327,30797,  102
 83546.650,  5626,21296,20599,  -661,  -602,  -697, -821, 476, 3366946,-11935350,202100,48460,-2327,30660,   99
 83547.650,  5626,21297,20609,  -656,  -614,  -612, -922, 476, 3367054,-11935531,202098,48464,-2326,30560,   97
 83548.650,  5626,21301,20611,  -663,  -629,  -562, -870, 477, 3367159,-11935716,202096,48472,-2325,30431,   96
 83549.650,  5627,21307,20605,  -670,  -631,  -669, -957, 477, 3367261,-11935903,202094,48482,-2325,30300,   98
 83550.650,  5625,21304,20619,  -653,  -630,  -826, -892, 477, 3367360,-11936093,202092,48479,-2327,30211,  101
 83551.650,  5628,21303,20601,  -671,  -630,  -748, -886, 477, 3367456,-11936286,202089,48471,-2326,30071,  105
 83552.650,  5626,21300,20621,  -649,  -635,  -635,-1048, 478, 3367548,-11936481,202087,48467,-2323,29960,  102
 83553.650,  5628,21305,20631,  -642,  -645,  -537, -815, 476, 3367638,-11936679,202084,48476,-2333,29844,  101
 83554.650,  5627,21302,20648,  -627,  -657,  -737,-1081, 476, 3367724,-11936878,202082,48472,-2337,29704,  104
 83555.650,  5626,21298,20653,  -616,  -653,  -842, -675, 476, 3367806,-11937080,202081,48464,-2333,29608,  109
 83556.650,  5628,21300,20644,  -622,  -652,  -748, -979, 477, 3367885,-11937284,202079,48464,-2328,29464,  113
 83557.650,  5627,21302,20643,  -623,  -661,  -579, -874, 476, 3367961,-11937490,202075,48470,-2324,29372,  114
 83558.650,  5627,21300,20650,  -612,  -662,  -574, -802, 477, 3368034,-11937698,202072,48467,-2328,29237,  115
 83559.650,  5626,21301,20654,  -607,  -673,  -641, -732, 478, 3368102,-11937908,202073,48472,-2320,29127,  116
 83560.650,  5624,21299,20659,  -596,  -669,  -729, -845, 476, 3368167,-11938120,202073,48471,-2336,29011,  115
 83561.650,  5625,21291,20683,  -570,  -681,  -650, -828, 476, 3368229,-11938333,202075,48451,-2328,28873,  118
 83562.650,  5624,21300,20656,  -593,  -678,  -490, -737, 477, 3368287,-11938549,202077,48474,-2325,28780,  116
 83563.650,  5623,21305,20633,  -612,  -672,  -531,-1242, 477, 3368341,-11938764,202079,48487,-2329,28646,  113
 83564.650,  5623,21306,20627,  -616,  -679,  -520, -815, 477, 3368392,-11938983,202082,48491,-2328,28552,  113
 83565.650,  5623,21301,20624,  -618,  -684,  -569, -929, 477, 3368438,-11939202,202086,48480,-2328,28422,  110
 83566.650,  5622,21296,20641,  -598,  -684,  -548,-1260, 477, 3368482,-11939422,202090,48470,-2322,28292,  110
 83567.650,  5621,21299,20625,  -609,  -675,  -503,-1081, 477, 3368521,-11939644,202093,48480,-2323,28202,  107
 83568.650,  5620,21298,20626,  -605,  -663,  -521, -965, 476, 3368557,-11939867,202096,48478,-2331,28065,  103
 83569.650,  5620,21296,20634,  -595,  -660,  -529,-1114, 476, 3368589,-11940090,202102,48474,-2339,27968,  102
 83570.650,  5621,21295,20627,  -600,  -647,  -574,-1139, 475, 3368617,-11940315,202106,48471,-2335,27833,  103
 83571.650,  5621,21294,20628,  -597,  -639,  -563,-1066, 475, 3368642,-11940540,202110,48469,-2328,27691,  100
 83572.650,  5621,21284,20659,  -564,  -634,  -591,-1120, 474, 3368662,-11940766,202113,48445,-2330,27596,   98
 83573.650,  5620,21282,20667,  -555,  -626,  -578,-1079, 473, 3368679,-11940992,202117,48442,-2333,27458,   95
 83574.650,  5620,21277,20674,  -547,  -614,  -693,-1169, 472, 3368692,-11941220,202120,48432,-2337,27363,   95
 83575.650,  5621,21269,20696,  -524,  -594,  -666,-1218, 471, 3368702,-11941447,202123,48410,-2335,27228,   98
 83576.650,  5621,21265,20708,  -510,  -589,  -643,-1243, 470, 3368707,-11941674,202125,48401,-2331,27087,   97
 83577.650,  5622,21263,20709,  -508,  -591,  -685,-1073, 470, 3368709,-11941902,202126,48395,-2336,26997,   96
 83578.650,  5620,21258,20727,  -489,  -582,  -692,-1113, 469, 3368707,-11942131,202128,48388,-2344,26866,   96
 83579.650,  5620,21258,20729,  -486,  -575,  -631,-1148, 469, 3368701,-11942359,202127,48388,-2339,26729,   96
 83580.650,  5621,21262,20719,  -495,  -582,  -691,-1157, 469, 3368692,-11942587,202126,48396,-2332,26636,   95
 83581.650,  5621,21262,20716,  -495,  -598,  -808,-1218, 470, 3368678,-11942815,202126,48395,-2325,26501,   96
 83582.650,  5621,21261,20716,  -496,  -578,  -837,-1143, 471, 3368661,-11943042,202124,48391,-2317,26393,   96
 83583.650,  5623,21264,20703,  -511,  -553,  -680,-1020, 469, 3368639,-11943270,202123,48394,-2075,26264,  101
 83584.650,  5623,21265,20697,  -519,  -513,  -360,-1286, 468, 3368614,-11943497,202122,48397,-1507,26115,   94
 83585.650,  5623,21266,20686,  -523,  -521,  -397,-1219, 469, 3368586,-11943724,202120,48400,-1075,26031,   93
 83586.650,  5620,21271,20666,  -537,  -510,  -264,-1343, 469, 3368554,-11943949,202120,48419, -381,25928,  100
 83587.650,  5615,21270,20653,  -536,  -522,  -132,-1007, 468, 3368518,-11944174,202122,48428,  179,25866,  101
 83588.650,  5611,21265,20653,  -520,  -569,  -256,-1107, 469, 3368481,-11944400,202131,48427,  251,25851,   90
 83589.650,  5607,21274,20640,  -504,  -691,  -235,-1228, 472, 3368443,-11944623,202138,48456,  221,25883,   84
 83590.650,  5604,21291,20584,  -531,  -820,  -540, -950, 474, 3368404,-11944848,202148,48503,  165,25967,   85
 83591.650,  5603,21294,20552,  -558,  -803,  -542,-1235, 477, 3368366,-11945072,202159,48513,  131,26112,  107
 83592.650,  5603,21297,20514,  -596,  -728,  -904,-1076, 479, 3368328,-11945297,202171,48518,  156,26197,  125
 83593.650,  5607,21294,20484,  -636,  -614, -2211,-1221, 478, 3368290,-11945521,202185,48503,  157,26186,  177
 83594.650,  5619,21320,20336,  -744,  -577, -1215,-1014, 480, 3368252,-11945745,202200,48530,   81,26096,  409
 83595.650,  5608,21330,20244,  -757,  -582,  4172, -902, 479, 3368215,-11945968,202225,48582,  -82,26000,  323
 83596.650,  5538,21268,20518,  -469,  -552,  1094, -860, 466, 3368177,-11946192,202261,48616, -161,25964,   46
 83597.650,  5524,21257,20532,  -446,  -614,   169, -854, 467, 3368141,-11946414,202305,48625,  -27,25950,  -69
 83598.650,  5519,21249,20562,  -422,  -648,   977, -834, 467, 3368104,-11946636,202363,48618,   97,25972, -210
 83599.650,  5516,21246,20630,  -393,  -670,   384, -873, 468, 3368067,-11946858,202405,48620,  140,26031, -364
 83600.650,  5528,21252,20654,  -421,  -696, -1128, -743, 469, 3368029,-11947080,202430,48602,  105,26081, -462
 83601.650,  5572,21281,20584,  -542,  -707, -3126, -900, 475, 3367992,-11947303,202432,48560,   49,26113, -348
 83602.650,  5625,21305,20495,  -698,  -705,  -401, -907, 480, 3367954,-11947525,202410,48483,  -24,26118, -159
 83603.650,  5628,21284,20628,  -603,  -639, -1166, -946, 476, 3367916,-11947747,202367,48428,  -56,26094, -125
 83604.650,  5645,21282,20641,  -608,  -600, -1464,-1165, 474, 3367878,-11947970,202318,48381,  -81,26034,   54
 83605.650,  5654,21286,20625,  -602,  -617,  -375,-1137, 476, 3367840,-11948194,202273,48369, -111,25997,  166
 83606.650,  5649,21284,20614,  -577,  -663, -1320,-1116, 475, 3367801,-11948419,202234,48376, -161,25977,  282
 83607.650,  5647,21288,20549,  -569,  -693,   -52, -968, 476, 3367762,-11948643,202211,48390, -165,25990,  435
 83608.650,  5630,21295,20489,  -561,  -717,  1797,-1043, 477, 3367724,-11948868,202203,48446, -127,26007,  429
 83609.650,  5584,21272,20554,  -461,  -645,  1367,-1023, 471, 3367685,-11949093,202209,48511,  -43,26010,  215
 83610.650,  5552,21255,20603,  -395,  -615,   359, -946, 469, 3367646,-11949317,202231,48551,   25,25989,  106
 83611.650,  5546,21267,20535,  -454,  -602,   417, -885, 469, 3367607,-11949542,202262,48591,  123,25952,    0
 83612.650,  5542,21255,20550,  -445,  -620,  1034,-1048, 468, 3367568,-11949765,202307,48577,  177,25928, -138
