flight/ER2/SEAC4RS-MMS-1HZ_ER2_20130812_RA.ict
49, 1001                                                                                                                                                                                                
Bui, T. Paul                                                                                                                                                                                            
NASA Ames Research Center                                                                                                                                                                               
MMS - Meteorological Measurement System                                                                                                                                                                 
SEAC4RS                                                                                                                                                                                                 
1, 1                                                                                                                                                                                                    
2013, 08, 12, 2013, 08, 12                                                                                                                                                                              
-1                                                                                                                                                                                                      
TIME_UTC, seconds, elapsed time from 0000 UTC                                                                                                                                                           
15                                                                                                                                                                                                      
0.01, 0.01, 0.01, 0.01, 0.01, 0.001, 0.01, 0.01, 0.00001, 0.00001, 0.1, 0.01, 0.01, 0.01, 0.01                                                                                                          
-99999, -9999, -9999, -99999, -99999, -99999, -9999, -999, -9999999, -99999999, -99999, -9999, -9999, -9999, -9999                                                                                      
P, hPa, Static Pressure                                                                                                                                                                                 
T, K, Static Temperature                                                                                                                                                                                
TAS, m/s, True Air Speed                                                                                                                                                                                
U, m/s, E-W Horizontal Wind Speed                                                                                                                                                                       
[...]
DM_CONTACT_INFO: Jon Dean-Day, Bay Area Environmental Research Institute, 596 First St.                                                                                                                 
West, Sonoma, CA, 95476; email: jonathan.m.dean-day@nasa.gov                                                                                                                                            
PROJECT_INFO: SEAC4RS mission August 1 - September 30, 2013; Houston, TX                                                                                                                                
OTHER_COMMENTS:                                                                                                                                                                                         
..\cv\e_130812.cva                                                                                                                                                                                      
REVISION: RA                                                                                                                                                                                            
RA: Preliminary FIELD DATA, Not funded for 3D Winds                                                                                                                                                     
TIME_UTC, P, T, TAS, U, V, W, TEDR, REYN, G_LAT, G_LONG, G_ALT, POT, ROLL, HDG, PITCH                                                                                                                   
[from data line 18429]
 65198.900,  7163,20772,20860,-99999,-99999,-99999,-9999,-999, 3372502, -8656737,186972,44114,  454, 9644, -116
 65199.900,  7165,20773,20868,-99999,-99999,-99999,-9999,-999, 3372492, -8656520,186961,44114,  432, 9668, -112
 65200.900,  7166,20776,20869,-99999,-99999,-99999,-9999,-999, 3372482, -8656303,186950,44118,  418, 9684, -108
 65201.900,  7168,20779,20867,-99999,-99999,-99999,-9999,-999, 3372470, -8656085,186939,44122,  405, 9705, -102
 65202.900,  7171,20782,20868,-99999,-99999,-99999,-9999,-999, 3372458, -8655869,186928,44125,  414, 9723,  -95
 65203.900,  7171,20787,20870,-99999,-99999,-99999,-9999,-999, 3372446, -8655651,186917,44133,  436, 9733,  -93
 65204.900,  7169,20788,20871,-99999,-99999,-99999,-9999,-999, 3372432, -8655434,186907,44137,  461, 9752,  -92
 65205.900,  7170,20785,20879,-99999,-99999,-99999,-9999,-999, 3372419, -8655217,186896,44132,  486, 9772,  -92
 65206.900,  7171,20788,20878,-99999,-99999,-99999,-9999,-999, 3372404, -8655000,186886,44136,  496, 9785,  -92
 65207.900,  7173,20787,20876,-99999,-99999,-99999,-9999,-999, 3372389, -8654782,186877,44131,  514, 9809,  -91
 65208.900,  7173,20783,20890,-99999,-99999,-99999,-9999,-999, 3372373, -8654566,186868,44121,  535, 9832,  -91
 65209.900,  7174,20781,20900,-99999,-99999,-99999,-9999,-999, 3372357, -8654348,186858,44114,  547, 9848,  -91
 65210.900,  7177,20777,20913,-99999,-99999,-99999,-9999,-999, 3372340, -8654132,186848,44101,  558, 9877,  -85
 65211.900,  7179,20776,20914,-99999,-99999,-99999,-9999,-999, 3372322, -8653915,186837,44095,  566, 9905,  -78
 65212.900,  7177,20771,20935,-99999,-99999,-99999,-9999,-999, 3372303, -8653697,186827,44087,  554, 9924,  -79
 65213.900,  7179,20769,20941,-99999,-99999,-99999,-9999,-999, 3372284, -8653481,186817,44081,  529, 9957,  -70
 65214.900,  7178,20766,20947,-99999,-99999,-99999,-9999,-999, 3372264, -8653265,186807,44078,  504, 9984,  -72
 65215.900,  7178,20766,20947,-99999,-99999,-99999,-9999,-999, 3372243, -8653048,186798,44077,  472,10002,  -72
 65216.900,  7179,20767,20945,-99999,-99999,-99999,-9999,-999, 3372221, -8652831,186790,44077,  427,10030,  -70
 65217.900,  7180,20767,20945,-99999,-99999,-99999,-9999,-999, 3372199, -8652616,186782,44076,  407,10047,  -66
 65218.900,  7180,20767,20950,-99999,-99999,-99999,-9999,-999, 3372176, -8652400,186775,44074,  380,10070,  -61
 65219.900,  7180,20765,20952,-99999,-99999,-99999,-9999,-999, 3372152, -8652184,186767,44071,  348,10091,  -56
 65220.900,  7180,20765,20950,-99999,-99999,-99999,-9999,-999, 3372128, -8651968,186761,44071,  325,10105,  -53
 65221.900,  7180,20764,20951,-99999,-99999,-99999,-9999,-999, 3372102, -8651752,186755,44068,  298,10123,  -49
 65222.900,  7181,20765,20942,-99999,-99999,-99999,-9999,-999, 3372077, -8651537,186749,44070,  281,10133,  -46
 65223.900,  7180,20765,20937,-99999,-99999,-99999,-9999,-999, 3372051, -8651321,186746,44071,  262,10146,  -44
 65224.900,  7181,20765,20931,-99999,-99999,-99999,-9999,-999, 3372025, -8651106,186741,44068,  261,10156,  -40
 65225.900,  7179,20762,20932,-99999,-99999,-99999,-9999,-999, 3371998, -8650891,186738,44067,  260,10161,  -40
 65226.900,  7177,20760,20937,-99999,-99999,-99999,-9999,-999, 3371971, -8650675,186736,44066,  239,10171,  -43
 65227.900,  7175,20757,20936,-99999,-99999,-99999,-9999,-999, 3371944, -8650460,186735,44063,  214,10180,  -44
 65228.900,  7176,20755,20929,-99999,-99999,-99999,-9999,-999, 3371916, -8650246,186734,44058,  203,10183,  -48
 65229.900,  7176,20756,20919,-99999,-99999,-99999,-9999,-999, 3371888, -8650031,186734,44059,  180,10188,  -52
 65230.900,  7175,20754,20926,-99999,-99999,-99999,-9999,-999, 3371859, -8649816,186735,44055,  169,10192,  -52
 65231.900,  7175,20752,20924,-99999,-99999,-99999,-9999,-999, 3371831, -8649602,186735,44052,  156,10197,  -54
 65232.900,  7175,20751,20923,-99999,-99999,-99999,-9999,-999, 3371802, -8649388,186736,44048,  143,10199,  -57
 65233.900,  7177,20751,20920,-99999,-99999,-99999,-9999,-999, 3371773, -8649173,186736,44046,  135,10202,  -58
 65234.900,  7176,20749,20922,-99999,-99999,-99999,-9999,-999, 3371744, -8648959,186737,44044,  123,10207,  -60
 65235.900,  7177,20749,20923,-99999,-99999,-99999,-9999,-999, 3371715, -8648745,186738,44043,  141,10209,  -58
 65236.900,  7176,20751,20919,-99999,-99999,-99999,-9999,-999, 3371685, -8648531,186739,44049,  145,10211,  -60
 65237.900,  7176,20753,20918,-99999,-99999,-99999,-9999,-999, 3371656, -8648317,186740,44053,  122,10219,  -59
 65238.900,  7177,20754,20910,-99999,-99999,-99999,-9999,-999, 3371626, -8648103,186741,44053,  109,10227,  -56
 65239.900,  7178,20755,20900,-99999,-99999,-99999,-9999,-999, 3371596, -8647889,186743,44053,  108,10231,  -54
 65240.900,  7176,20754,20908,-99999,-99999,-99999,-9999,-999, 3371566, -8647675,186744,44055,   97,10235,  -54
 65241.900,  7176,20755,20906,-99999,-99999,-99999,-9999,-999, 3371536, -8647461,186746,44056,   92,10240,  -54
 65242.900,  7175,20755,20912,-99999,-99999,-99999,-9999,-999, 3371506, -8647248,186748,44057,   79,10247,  -56
 65243.900,  7173,20752,20916,-99999,-99999,-99999,-9999,-999, 3371476, -8647034,186752,44056,   74,10253,  -56
 65244.900,  7174,20754,20901,-99999,-99999,-99999,-9999,-999, 3371445, -8646820,186756,44059,   66,10257,  -59
 65245.900,  7172,20754,20906,-99999,-99999,-99999,-9999,-999, 3371415, -8646606,186759,44062,   61,10258,  -63
 65246.900,  7172,20755,20907,-99999,-99999,-99999,-9999,-999, 3371384, -8646392,186764,44064,   68,10260,  -60
 65247.900,  7171,20754,20919,-99999,-99999,-99999,-9999,-999, 3371354, -8646179,186768,44064,   77,10264,  -65
 65248.900,  7169,20754,20919,-99999,-99999,-99999,-9999,-999, 3371323, -8645965,186773,44066,   68,10272,  -68
 65249.900,  7171,20757,20907,-99999,-99999,-99999,-9999,-999, 3371292, -8645751,186778,44070,   60,10276,  -70
 65250.900,  7170,20756,20914,-99999,-99999,-99999,-9999,-999, 3371261, -8645538,186783,44069,   53,10278,  -71
 65251.900,  7170,20759,20902,-99999,-99999,-99999,-9999,-999, 3371231, -8645324,186788,44076,   49,10280,  -70
 65252.900,  7171,20768,20898,-99999,-99999,-99999,-9999,-999, 3371200, -8645111,186792,44093,   44,10283,  -72
 65253.900,  7171,20785,20904,-99999,-99999,-99999,-9999,-999, 3371169, -8644898,186797,44131,   36,10289,  -74
 65254.900,  7170,20792,20908,-99999,-99999,-99999,-9999,-999, 3371138, -8644684,186801,44146,   33,10293,  -76
 65255.900,  7169,20789,20919,-99999,-99999,-99999,-9999,-999, 3371108, -8644470,186806,44143,   28,10296,  -79
 65256.900,  7169,20789,20911,-99999,-99999,-99999,-9999,-999, 3371077, -8644257,186810,44141,   25,10297,  -80
 65257.900,  7169,20792,20914,-99999,-99999,-99999,-9999,-999, 3371046, -8644043,186814,44147,   36,10298,  -80
 65258.900,  7170,20801,20898,-99999,-99999,-99999,-9999,-999, 3371015, -8643830,186818,44166,   47,10299,  -81
 65259.900,  7170,20809,20875,-99999,-99999,-99999,-9999,-999, 3370984, -8643617,186822,44182,   38,10299,  -82
 65260.900,  7171,20813,20862,-99999,-99999,-99999,-9999,-999, 3370953, -8643403,186826,44190,   33,10298,  -82
 65261.900,  7171,20817,20851,-99999,-99999,-99999,-9999,-999, 3370923, -8643190,186830,44198,   24,10298,  -84
 65262.900,  7173,20816,20856,-99999,-99999,-99999,-9999,-999, 3370892, -8642977,186832,44192,   21,10296,  -84
 65263.900,  7173,20819,20850,-99999,-99999,-99999,-9999,-999, 3370862, -8642763,186834,44197,   18,10296,  -84
 65264.900,  7174,20818,20848,-99999,-99999,-99999,-9999,-999, 3370831, -8642550,186836,44194,   16,10296,  -83
 65265.900,  7175,20818,20848,-99999,-99999,-99999,-9999,-999, 3370800, -8642336,186837,44193,   12,10297,  -81
 65266.900,  7176,20818,20846,-99999,-99999,-99999,-9999,-999, 3370770, -8642124,186837,44190,   10,10298,  -78
 65267.900,  7177,20819,20846,-99999,-99999,-99999,-9999,-999, 3370739, -8641910,186837,44190,    9,10295,  -71
 65268.900,  7179,20820,20841,-99999,-99999,-99999,-9999,-999, 3370708, -8641696,186837,44190,   19,10292,  -64
 65269.900,  7176,20819,20851,-99999,-99999,-99999,-9999,-999, 3370677, -8641484,186837,44192,   32,10289,  -63
 65270.900,  7174,20814,20870,-99999,-99999,-99999,-9999,-999, 3370647, -8641270,186836,44186,   26,10291,  -64
 65271.900,  7177,20812,20867,-99999,-99999,-99999,-9999,-999, 3370616, -8641056,186836,44176,   18,10291,  -63
 65272.900,  7176,20810,20873,-99999,-99999,-99999,-9999,-999, 3370586, -8640843,186836,44173,   17,10291,  -58
 65273.900,  7176,20807,20870,-99999,-99999,-99999,-9999,-999, 3370555, -8640630,186835,44167,   18,10292,  -54
 65274.900,  7177,20805,20863,-99999,-99999,-99999,-9999,-999, 3370525, -8640416,186835,44162,   18,10294,  -52
 65275.900,  7176,20801,20869,-99999,-99999,-99999,-9999,-999, 3370494, -8640203,186834,44155,   10,10294,  -53
 65276.900,  7175,20795,20871,-99999,-99999,-99999,-9999,-999, 3370464, -8639990,186834,44144,    4,10294,  -53
 65277.900,  7176,20794,20861,-99999,-99999,-99999,-9999,-999, 3370433, -8639777,186834,44139,    3,10292,  -52
 65278.900,  7176,20790,20864,-99999,-99999,-99999,-9999,-999, 3370403, -8639564,186833,44131,    5,10286,  -51
 65279.900,  7175,20786,20860,-99999,-99999,-99999,-9999,-999, 3370372, -8639350,186832,44124,   14,10282,  -49
 65280.900,  7175,20786,20847,-99999,-99999,-99999,-9999,-999, 3370342, -8639137,186832,44123,   28,10278,  -50
 65281.900,  7175,20784,20843,-99999,-99999,-99999,-9999,-999, 3370312, -8638925,186831,44120,   23,10275,  -51
 65282.900,  7175,20783,20839,-99999,-99999,-99999,-9999,-999, 3370281, -8638712,186831,44118,   12,10272,  -50
 65283.900,  7175,20782,20830,-99999,-99999,-99999,-9999,-999, 3370251, -8638499,186832,44116,   10,10271,  -52
 65284.900,  7175,20779,20832,-99999,-99999,-99999,-9999,-999, 3370221, -8638286,186832,44111,   11,10271,  -53
 65285.900,  7174,20779,20817,-99999,-99999,-99999,-9999,-999, 3370191, -8638073,186832,44112,   12,10269,  -54
 65286.900,  7176,20779,20807,-99999,-99999,-99999,-9999,-999, 3370160, -8637860,186831,44107,    8,10266,  -53
 65287.900,  7176,20776,20807,-99999,-99999,-99999,-9999,-999, 3370130, -8637648,186831,44101,    2,10263,  -53
 65288.900,  7177,20776,20791,-99999,-99999,-99999,-9999,-999, 3370100, -8637435,186829,44100,    1,10258,  -50
 65289.900,  7177,20777,20789,-99999,-99999,-99999,-9999,-999, 3370070, -8637223,186829,44101,    0,10252,  -49
 65290.900,  7178,20778,20783,-99999,-99999,-99999,-9999,-999, 3370041, -8637010,186827,44101,   18,10250,  -44
 65291.900,  7178,20779,20775,-99999,-99999,-99999,-9999,-999, 3370010, -8636798,186826,44103,   29,10248,  -41
 65292.900,  7176,20778,20782,-99999,-99999,-99999,-9999,-999, 3369981, -8636585,186826,44106,   27,10248,  -43
 65293.900,  7175,20776,20778,-99999,-99999,-99999,-9999,-999, 3369951, -8636373,186826,44103,   16,10248,  -43
 65294.900,  7175,20778,20768,-99999,-99999,-99999,-9999,-999, 3369921, -8636160,186826,44108,   14,10248,  -44
 65295.900,  7174,20779,20766,-99999,-99999,-99999,-9999,-999, 3369891, -8635948,186827,44111,   13,10248,  -45
 65296.900,  7175,20779,20762,-99999,-99999,-99999,-9999,-999, 3369862, -8635736,186829,44110,   13,10249,  -44
 65297.900,  7174,20780,20756,-99999,-99999,-99999,-9999,-999, 3369832, -8635523,186830,44114,   10,10249,  -45
 65298.900,  7172,20779,20754,-99999,-99999,-99999,-9999,-999, 3369802, -8635311,186832,44115,    9,10249,  -49
 65299.900,  7172,20780,20742,-99999,-99999,-99999,-9999,-999, 3369772, -8635099,186834,44116,    5,10249,  -52
 65300.900,  7172,20779,20738,-99999,-99999,-99999,-9999,-999, 3369743, -8634887,186836,44114,    4,10248,  -53
 65301.900,  7173,20779,20734,-99999,-99999,-99999,-9999,-999, 3369713, -8634675,186838,44114,   23,10244,  -50
 65302.900,  7172,20778,20728,-99999,-99999,-99999,-9999,-999, 3369684, -8634464,186840,44113,   33,10242,  -54
 65303.900,  7172,20778,20724,-99999,-99999,-99999,-9999,-999, 3369655, -8634252,186842,44114,   27,10242,  -54
 65304.900,  7171,20776,20728,-99999,-99999,-99999,-9999,-999, 3369625, -8634040,186844,44111,   19,10243,  -53
 65305.900,  7171,20777,20717,-99999,-99999,-99999,-9999,-999, 3369596, -8633828,186845,44113,   20,10243,  -53
 65306.900,  7170,20775,20720,-99999,-99999,-99999,-9999,-999, 3369567, -8633616,186847,44110,   23,10241,  -54
 65307.900,  7168,20775,20715,-99999,-99999,-99999,-9999,-999, 3369537, -8633404,186849,44112,   17,10237,  -57
 65308.900,  7169,20772,20716,-99999,-99999,-99999,-9999,-999, 3369508, -8633193,186851,44107,   12,10236,  -58
 65309.900,  7168,20772,20709,-99999,-99999,-99999,-9999,-999, 3369479, -8632981,186853,44106,    7,10235,  -58
 65310.900,  7167,20771,20710,-99999,-99999,-99999,-9999,-999, 3369450, -8632769,186855,44107,   13,10234,  -58
 65311.900,  7170,20772,20704,-99999,-99999,-99999,-9999,-999, 3369421, -8632558,186857,44103,   15,10231,  -59
 65312.900,  7172,20774,20689,-99999,-99999,-99999,-9999,-999, 3369392, -8632347,186858,44103,   23,10229,  -57
 65313.900,  7172,20771,20690,-99999,-99999,-99999,-9999,-999, 3369362, -8632134,186859,44098,   36,10228,  -56
 65314.900,  7172,20771,20689,-99999,-99999,-99999,-9999,-999, 3369334, -8631923,186860,44098,   35,10228,  -55
 65315.900,  7171,20768,20688,-99999,-99999,-99999,-9999,-999, 3369305, -8631712,186860,44092,   28,10229,  -55
 65316.900,  7173,20770,20672,-99999,-99999,-99999,-9999,-999, 3369276, -8631500,186861,44095,   21,10229,  -53
 65317.900,  7171,20768,20680,-99999,-99999,-99999,-9999,-999, 3369247, -8631288,186862,44092,   20,10227,  -55
 65318.900,  7171,20768,20667,-99999,-99999,-99999,-9999,-999, 3369218, -8631077,186863,44093,   18,10226,  -49
 65319.900,  7172,20768,20674,-99999,-99999,-99999,-9999,-999, 3369189, -8630866,186864,44092,   13,10224,  -51
 65320.900,  7171,20765,20671,-99999,-99999,-99999,-9999,-999, 3369160, -8630654,186865,44088,   11,10223,  -48
 65321.900,  7170,20766,20663,-99999,-99999,-99999,-9999,-999, 3369131, -8630443,186867,44090,   10,10221,  -51
 65322.900,  7170,20765,20660,-99999,-99999,-99999,-9999,-999, 3369102, -8630232,186868,44088,   10,10218,  -53
 65323.900,  7170,20764,20661,-99999,-99999,-99999,-9999,-999, 3369073, -8630020,186869,44085,   30,10213,  -46
 65324.900,  7168,20761,20664,-99999,-99999,-99999,-9999,-999, 3369045, -8629809,186871,44084,   45,10213,  -53
 65325.900,  7167,20760,20664,-99999,-99999,-99999,-9999,-999, 3369016, -8629598,186872,44083,   37,10214,  -56
 65326.900,  7167,20759,20665,-99999,-99999,-99999,-9999,-999, 3368987, -8629387,186874,44080,   26,10214,  -58
 65327.900,  7169,20760,20650,-99999,-99999,-99999,-9999,-999, 3368958, -8629176,186875,44080,   25,10212,  -59
 65328.900,  7168,20759,20653,-99999,-99999,-99999,-9999,-999, 3368930, -8628964,186876,44079,   23,10208,  -62
 65329.900,  7168,20758,20656,-99999,-99999,-99999,-9999,-999, 3368901, -8628754,186877,44078,   21,10207,  -64
 65330.900,  7170,20758,20648,-99999,-99999,-99999,-9999,-999, 3368873, -8628543,186878,44074,   19,10208,  -63
 65331.900,  7171,20760,20634,-99999,-99999,-99999,-9999,-999, 3368844, -8628332,186878,44075,   19,10208,  -60
 65332.900,  7171,20760,20636,-99999,-99999,-99999,-9999,-999, 3368815, -8628121,186877,44074,   20,10205,  -56
 65333.900,  7172,20760,20629,-99999,-99999,-99999,-9999,-999, 3368787, -8627910,186876,44075,   19,10203,  -55
 65334.900,  7172,20759,20627,-99999,-99999,-99999,-9999,-999, 3368758, -8627699,186875,44071,   36,10201,  -47
 65335.900,  7171,20758,20620,-99999,-99999,-99999,-9999,-999, 3368730, -8627487,186874,44072,   43,10200,  -48
 65336.900,  7171,20759,20614,-99999,-99999,-99999,-9999,-999, 3368701, -8627277,186874,44073,   37,10199,  -51
 65337.900,  7171,20759,20605,-99999,-99999,-99999,-9999,-999, 3368673, -8627065,186873,44072,   28,10200,  -49
 65338.900,  7171,20758,20598,-99999,-99999,-99999,-9999,-999, 3368644, -8626855,186874,44072,   29,10202,  -50
 65339.900,  7172,20759,20581,-99999,-99999,-99999,-9999,-999, 3368615, -8626644,186874,44073,   30,10201,  -48
