flight/ER2/SEAC4RS-MMS-1HZ_ER2_20130819_RA.ict
49, 1001                                                                                                                                                                                                
Bui, T. Paul                                                                                                                                                                                            
NASA Ames Research Center                                                                                                                                                                               
MMS - Meteorological Measurement System                                                                                                                                                                 
SEAC4RS                                                                                                                                                                                                 
1, 1                                                                                                                                                                                                    
2013, 08, 19, 2013, 08, 19                                                                                                                                                                              
-1                                                                                                                                                                                                      
TIME_UTC, seconds, elapsed time from 0000 UTC                                                                                                                                                           
15                                                                                                                                                                                                      
0.01, 0.01, 0.01, 0.01, 0.01, 0.001, 0.01, 0.01, 0.00001, 0.00001, 0.1, 0.01, 0.01, 0.01, 0.01                                                                                                          
-99999, -9999, -9999, -99999, -99999, -99999, -9999, -999, -9999999, -99999999, -99999, -9999, -9999, -9999, -9999                                                                                      
P, hPa, Static Pressure                                                                                                                                                                                 
T, K, Static Temperature                                                                                                                                                                                
TAS, m/s, True Air Speed                                                                                                                                                                                
U, m/s, E-W Horizontal Wind Speed                                                                                                                                                                       
[...]
DM_CONTACT_INFO: Jon Dean-Day, Bay Area Environmental Research Institute, 596 First St.                                                                                                                 
West, Sonoma, CA, 95476; email: jonathan.m.dean-day@nasa.gov                                                                                                                                            
PROJECT_INFO: SEAC4RS mission August 1 - September 30, 2013; Houston, TX                                                                                                                                
OTHER_COMMENTS:                                                                                                                                                                                         
..\cv\e_130819.cva                                                                                                                                                                                      
REVISION: RA                                                                                                                                                                                            
RA: Preliminary FIELD DATA, Not funded for 3D Winds                                                                                                                                                     
TIME_UTC, P, T, TAS, U, V, W, TEDR, REYN, G_LAT, G_LONG, G_ALT, POT, ROLL, HDG, PITCH                                                                                                                   
[from data line 11572]
 65832.700,  7336,21184,20633,-99999,-99999,-99999,-9999,-999, 4403483,-10401824,185744,44686,   33,14494,  -27
 65833.700,  7336,21184,20635,-99999,-99999,-99999,-9999,-999, 4403334,-10401670,185743,44686,   33,14495,  -27
 65834.700,  7335,21183,20646,-99999,-99999,-99999,-9999,-999, 4403186,-10401516,185742,44686,   31,14494,  -28
 65835.700,  7335,21183,20652,-99999,-99999,-99999,-9999,-999, 4403037,-10401362,185742,44684,   30,14494,  -29
 65836.700,  7336,21183,20653,-99999,-99999,-99999,-9999,-999, 4402889,-10401208,185742,44685,   28,14493,  -30
 65837.700,  7335,21182,20658,-99999,-99999,-99999,-9999,-999, 4402740,-10401054,185742,44682,   28,14494,  -29
 65838.700,  7335,21181,20652,-99999,-99999,-99999,-9999,-999, 4402591,-10400900,185741,44680,   33,14494,  -28
 65839.700,  7334,21180,20649,-99999,-99999,-99999,-9999,-999, 4402443,-10400746,185741,44680,   37,14493,  -29
 65840.700,  7333,21180,20648,-99999,-99999,-99999,-9999,-999, 4402294,-10400592,185742,44681,   33,14494,  -30
 65841.700,  7334,21180,20644,-99999,-99999,-99999,-9999,-999, 4402145,-10400437,185743,44681,   30,14496,  -30
 65842.700,  7332,21178,20648,-99999,-99999,-99999,-9999,-999, 4401997,-10400283,185743,44679,   31,14496,  -29
 65843.700,  7334,21179,20645,-99999,-99999,-99999,-9999,-999, 4401848,-10400129,185743,44678,   31,14494,  -30
 65844.700,  7334,21178,20644,-99999,-99999,-99999,-9999,-999, 4401700,-10399975,185743,44675,   27,14493,  -33
 65845.700,  7334,21176,20644,-99999,-99999,-99999,-9999,-999, 4401551,-10399821,185743,44671,   26,14493,  -35
 65846.700,  7334,21173,20647,-99999,-99999,-99999,-9999,-999, 4401402,-10399666,185742,44665,   30,14494,  -36
 65847.700,  7335,21174,20642,-99999,-99999,-99999,-9999,-999, 4401253,-10399512,185742,44666,   35,14496,  -35
 65848.700,  7336,21175,20636,-99999,-99999,-99999,-9999,-999, 4401105,-10399358,185741,44666,   36,14497,  -34
 65849.700,  7335,21174,20637,-99999,-99999,-99999,-9999,-999, 4400956,-10399204,185740,44665,   31,14496,  -34
 65850.700,  7335,21173,20643,-99999,-99999,-99999,-9999,-999, 4400807,-10399050,185739,44664,   26,14497,  -34
 65851.700,  7336,21174,20645,-99999,-99999,-99999,-9999,-999, 4400659,-10398895,185738,44664,   28,14499,  -31
 65852.700,  7337,21175,20646,-99999,-99999,-99999,-9999,-999, 4400509,-10398741,185736,44663,   31,14500,  -30
 65853.700,  7336,21174,20655,-99999,-99999,-99999,-9999,-999, 4400361,-10398587,185735,44663,   30,14498,  -33
 65854.700,  7335,21174,20656,-99999,-99999,-99999,-9999,-999, 4400212,-10398432,185734,44664,   22,14497,  -32
 65855.700,  7336,21176,20662,-99999,-99999,-99999,-9999,-999, 4400063,-10398278,185732,44667,   21,14496,  -30
 65856.700,  7337,21175,20677,-99999,-99999,-99999,-9999,-999, 4399914,-10398123,185731,44664,   26,14495,  -28
 65857.700,  7336,21174,20699,-99999,-99999,-99999,-9999,-999, 4399765,-10397969,185730,44665,   30,14495,  -28
 65858.700,  7337,21176,20706,-99999,-99999,-99999,-9999,-999, 4399616,-10397814,185729,44666,   31,14496,  -28
 65859.700,  7338,21177,20699,-99999,-99999,-99999,-9999,-999, 4399467,-10397660,185728,44668,   28,14496,  -30
 65860.700,  7336,21178,20710,-99999,-99999,-99999,-9999,-999, 4399318,-10397505,185726,44673,   26,14496,  -31
 65861.700,  7336,21179,20732,-99999,-99999,-99999,-9999,-999, 4399169,-10397351,185725,44674,   25,14496,  -31
 65862.700,  7336,21180,20744,-99999,-99999,-99999,-9999,-999, 4399020,-10397196,185725,44675,   29,14497,  -32
 65863.700,  7337,21179,20754,-99999,-99999,-99999,-9999,-999, 4398871,-10397042,185724,44672,   30,14498,  -30
 65864.700,  7336,21178,20756,-99999,-99999,-99999,-9999,-999, 4398722,-10396887,185724,44673,   31,14500,  -31
 65865.700,  7336,21177,20758,-99999,-99999,-99999,-9999,-999, 4398573,-10396733,185724,44671,   28,14499,  -31
 65866.700,  7336,21178,20750,-99999,-99999,-99999,-9999,-999, 4398424,-10396578,185724,44672,   25,14498,  -31
 65867.700,  7334,21176,20763,-99999,-99999,-99999,-9999,-999, 4398275,-10396423,185724,44672,   17,14498,  -29
 65868.700,  7334,21177,20764,-99999,-99999,-99999,-9999,-999, 4398126,-10396269,185725,44673,   19,14498,  -32
 65869.700,  7334,21176,20769,-99999,-99999,-99999,-9999,-999, 4397977,-10396114,185726,44672,   21,14497,  -36
 65870.700,  7335,21175,20767,-99999,-99999,-99999,-9999,-999, 4397828,-10395959,185726,44669,   25,14495,  -38
 65871.700,  7334,21172,20760,-99999,-99999,-99999,-9999,-999, 4397679,-10395805,185726,44664,   25,14494,  -37
 65872.700,  7334,21171,20744,-99999,-99999,-99999,-9999,-999, 4397530,-10395650,185725,44660,   26,14495,  -38
 65873.700,  7335,21173,20742,-99999,-99999,-99999,-9999,-999, 4397381,-10395495,185725,44664,   31,14496,  -37
 65874.700,  7335,21171,20756,-99999,-99999,-99999,-9999,-999, 4397232,-10395340,185725,44660,   35,14495,  -37
 65875.700,  7335,21169,20758,-99999,-99999,-99999,-9999,-999, 4397083,-10395185,185725,44656,   34,14493,  -37
 65876.700,  7336,21170,20750,-99999,-99999,-99999,-9999,-999, 4396934,-10395030,185724,44655,   31,14492,  -35
 65877.700,  7337,21171,20735,-99999,-99999,-99999,-9999,-999, 4396785,-10394876,185722,44654,   31,14493,  -34
 65878.700,  7337,21171,20730,-99999,-99999,-99999,-9999,-999, 4396636,-10394721,185721,44655,   37,14493,  -34
 65879.700,  7337,21170,20732,-99999,-99999,-99999,-9999,-999, 4396486,-10394567,185721,44654,   38,14493,  -35
 65880.700,  7337,21167,20728,-99999,-99999,-99999,-9999,-999, 4396337,-10394412,185720,44649,   35,14493,  -37
 65881.700,  7336,21159,20724,-99999,-99999,-99999,-9999,-999, 4396188,-10394257,185719,44634,   29,14495,  -39
 65882.700,  7336,21154,20709,-99999,-99999,-99999,-9999,-999, 4396039,-10394102,185719,44622,   27,14498,  -41
 65883.700,  7335,21148,20698,-99999,-99999,-99999,-9999,-999, 4395890,-10393948,185718,44609,   32,14501,  -41
 65884.700,  7335,21139,20692,-99999,-99999,-99999,-9999,-999, 4395741,-10393793,185719,44591,   29,14503,  -44
 65885.700,  7335,21138,20694,-99999,-99999,-99999,-9999,-999, 4395592,-10393638,185718,44590,   20,14503,  -46
 65886.700,  7336,21140,20702,-99999,-99999,-99999,-9999,-999, 4395443,-10393483,185717,44590,   11,14504,  -44
 65887.700,  7337,21143,20703,-99999,-99999,-99999,-9999,-999, 4395294,-10393328,185716,44597,   18,14501,  -45
 65888.700,  7337,21148,20712,-99999,-99999,-99999,-9999,-999, 4395144,-10393173,185714,44608,   22,14499,  -46
 65889.700,  7338,21148,20724,-99999,-99999,-99999,-9999,-999, 4394995,-10393019,185711,44607,   23,14497,  -46
 65890.700,  7340,21150,20724,-99999,-99999,-99999,-9999,-999, 4394846,-10392864,185707,44607,   24,14496,  -44
 65891.700,  7341,21150,20726,-99999,-99999,-99999,-9999,-999, 4394697,-10392709,185705,44605,   25,14495,  -41
 65892.700,  7340,21148,20723,-99999,-99999,-99999,-9999,-999, 4394548,-10392554,185703,44602,   28,14495,  -38
 65893.700,  7340,21148,20724,-99999,-99999,-99999,-9999,-999, 4394399,-10392399,185699,44601,   29,14495,  -38
 65894.700,  7341,21150,20731,-99999,-99999,-99999,-9999,-999, 4394249,-10392244,185696,44603,   33,14496,  -36
 65895.700,  7343,21149,20737,-99999,-99999,-99999,-9999,-999, 4394100,-10392089,185693,44601,   36,14495,  -33
 65896.700,  7342,21146,20726,-99999,-99999,-99999,-9999,-999, 4393951,-10391934,185691,44594,   37,14492,  -31
 65897.700,  7342,21132,20711,-99999,-99999,-99999,-9999,-999, 4393802,-10391780,185689,44567,   33,14491,  -30
 65898.700,  7340,21115,20738,-99999,-99999,-99999,-9999,-999, 4393653,-10391625,185687,44533,   28,14493,  -31
 65899.700,  7340,21110,20748,-99999,-99999,-99999,-9999,-999, 4393504,-10391470,185686,44521,   31,14498,  -29
 65900.700,  7340,21106,20756,-99999,-99999,-99999,-9999,-999, 4393355,-10391315,185685,44513,   34,14499,  -28
 65901.700,  7338,21093,20781,-99999,-99999,-99999,-9999,-999, 4393205,-10391160,185684,44491,   32,14502,  -31
 65902.700,  7337,21089,20790,-99999,-99999,-99999,-9999,-999, 4393056,-10391005,185686,44483,   19,14507,  -32
 65903.700,  7338,21084,20792,-99999,-99999,-99999,-9999,-999, 4392907,-10390850,185687,44471,   16,14511,  -29
 65904.700,  7337,21083,20792,-99999,-99999,-99999,-9999,-999, 4392758,-10390695,185688,44470,   14,14511,  -29
 65905.700,  7336,21083,20788,-99999,-99999,-99999,-9999,-999, 4392609,-10390541,185689,44472,   10,14511,  -29
 65906.700,  7336,21081,20791,-99999,-99999,-99999,-9999,-999, 4392460,-10390386,185689,44467,    1,14512,  -31
 65907.700,  7335,21078,20788,-99999,-99999,-99999,-9999,-999, 4392311,-10390231,185690,44462,   -2,14510,  -33
 65908.700,  7334,21075,20792,-99999,-99999,-99999,-9999,-999, 4392162,-10390076,185695,44459,   -1,14508,  -36
 65909.700,  7333,21072,20805,-99999,-99999,-99999,-9999,-999, 4392013,-10389921,185699,44453,    3,14505,  -39
 65910.700,  7333,21068,20814,-99999,-99999,-99999,-9999,-999, 4391864,-10389766,185702,44445,    5,14505,  -38
 65911.700,  7333,21062,20826,-99999,-99999,-99999,-9999,-999, 4391715,-10389611,185704,44432,   11,14505,  -40
 65912.700,  7332,21060,20826,-99999,-99999,-99999,-9999,-999, 4391566,-10389456,185706,44431,   19,14505,  -42
 65913.700,  7333,21061,20818,-99999,-99999,-99999,-9999,-999, 4391417,-10389301,185708,44431,   19,14504,  -42
 65914.700,  7331,21060,20824,-99999,-99999,-99999,-9999,-999, 4391268,-10389146,185709,44431,   19,14502,  -44
 65915.700,  7332,21061,20818,-99999,-99999,-99999,-9999,-999, 4391119,-10388990,185712,44432,  176,14492,  -37
 65916.700,  7333,21062,20806,-99999,-99999,-99999,-9999,-999, 4390970,-10388835,185714,44432,  482,14480,  -38
 65917.700,  7330,21060,20814,-99999,-99999,-99999,-9999,-999, 4390822,-10388681,185715,44434,  810,14478,  -50
 65918.700,  7330,21059,20813,-99999,-99999,-99999,-9999,-999, 4390673,-10388526,185718,44432,  989,14490,  -50
 65919.700,  7331,21060,20812,-99999,-99999,-99999,-9999,-999, 4390524,-10388372,185719,44433, 1428,14518,  -61
 65920.700,  7332,21061,20817,-99999,-99999,-99999,-9999,-999, 4390374,-10388217,185721,44434, 1620,14572,  -68
 65921.700,  7337,21066,20803,-99999,-99999,-99999,-9999,-999, 4390223,-10388066,185722,44435, 1747,14624,  -67
 65922.700,  7339,21069,20802,-99999,-99999,-99999,-9999,-999, 4390072,-10387916,185723,44436, 1951,14711,  -72
 65923.700,  7346,21072,20803,-99999,-99999,-99999,-9999,-999, 4389918,-10387768,185725,44431, 2030,14824,  -70
 65924.700,  7353,21074,20800,-99999,-99999,-99999,-9999,-999, 4389765,-10387625,185722,44425, 2047,14915,  -65
 65925.700,  7356,21077,20795,-99999,-99999,-99999,-9999,-999, 4389609,-10387484,185718,44425, 2049,15060,  -50
 65926.700,  7359,21079,20801,-99999,-99999,-99999,-9999,-999, 4389452,-10387347,185712,44423, 2034,15192,  -34
 65927.700,  7362,21080,20801,-99999,-99999,-99999,-9999,-999, 4389294,-10387213,185699,44421, 2022,15290,  -23
 65928.700,  7362,21079,20811,-99999,-99999,-99999,-9999,-999, 4389133,-10387084,185688,44419, 2017,15427,   -8
 65929.700,  7360,21076,20813,-99999,-99999,-99999,-9999,-999, 4388971,-10386958,185681,44417, 2013,15517,    0
 65930.700,  7358,21072,20815,-99999,-99999,-99999,-9999,-999, 4388807,-10386836,185676,44410, 2008,15644,    7
 65931.700,  7354,21065,20827,-99999,-99999,-99999,-9999,-999, 4388641,-10386718,185671,44404, 1998,15739,   13
 65932.700,  7351,21062,20818,-99999,-99999,-99999,-9999,-999, 4388475,-10386604,185668,44402, 1984,15863,   20
 65933.700,  7347,21060,20811,-99999,-99999,-99999,-9999,-999, 4388307,-10386495,185669,44405, 1977,15978,   20
 65934.700,  7342,21059,20797,-99999,-99999,-99999,-9999,-999, 4388138,-10386389,185670,44411, 1978,16053,   21
 65935.700,  7341,21061,20765,-99999,-99999,-99999,-9999,-999, 4387967,-10386287,185670,44418, 1976,16163,   17
 65936.700,  7336,21060,20744,-99999,-99999,-99999,-9999,-999, 4387796,-10386190,185670,44424, 1967,16270,   13
 65937.700,  7333,21060,20721,-99999,-99999,-99999,-9999,-999, 4387624,-10386096,185670,44428, 1960,16342,    9
 65938.700,  7330,21059,20702,-99999,-99999,-99999,-9999,-999, 4387451,-10386008,185674,44432, 1954,16439,    0
 65939.700,  7324,21057,20691,-99999,-99999,-99999,-9999,-999, 4387277,-10385923,185677,44437, 1950,16540,  -11
 65940.700,  7322,21057,20673,-99999,-99999,-99999,-9999,-999, 4387101,-10385842,185678,44440, 1951,16607,  -19
 65941.700,  7322,21059,20646,-99999,-99999,-99999,-9999,-999, 4386925,-10385765,185679,44447, 1953,16707,  -26
 65942.700,  7321,21061,20630,-99999,-99999,-99999,-9999,-999, 4386748,-10385691,185679,44451, 1954,16808,  -34
 65943.700,  7320,21061,20624,-99999,-99999,-99999,-9999,-999, 4386572,-10385623,185684,44453, 1953,16878,  -41
 65944.700,  7321,21059,20622,-99999,-99999,-99999,-9999,-999, 4386394,-10385558,185690,44448, 1947,16979,  -49
 65945.700,  7322,21060,20617,-99999,-99999,-99999,-9999,-999, 4386216,-10385498,185702,44447, 1943,17070,  -50
 65946.700,  7324,21062,20600,-99999,-99999,-99999,-9999,-999, 4386037,-10385441,185713,44449, 1948,17162,  -51
 65947.700,  7326,21062,20598,-99999,-99999,-99999,-9999,-999, 4385858,-10385388,185717,44445, 1951,17270,  -47
 65948.700,  7329,21062,20592,-99999,-99999,-99999,-9999,-999, 4385678,-10385339,185726,44440, 1946,17343,  -44
 65949.700,  7329,21061,20584,-99999,-99999,-99999,-9999,-999, 4385498,-10385294,185728,44436, 1950,17454,  -41
 65950.700,  7330,21058,20585,-99999,-99999,-99999,-9999,-999, 4385317,-10385253,185738,44431, 1952,17564,  -40
 65951.700,  7329,21055,20588,-99999,-99999,-99999,-9999,-999, 4385135,-10385215,185740,44426, 1945,17635,  -39
 65952.700,  7330,21050,20599,-99999,-99999,-99999,-9999,-999, 4384952,-10385179,185741,44413, 1935,17742,  -33
 65953.700,  7329,21047,20601,-99999,-99999,-99999,-9999,-999, 4384773,-10385156,185745,44408, 1941,17852,  -27
 65954.700,  7329,21048,20583,-99999,-99999,-99999,-9999,-999, 4384591,-10385132,185747,44410, 1946,17925,  -26
 65955.700,  7327,21047,20574,-99999,-99999,-99999,-9999,-999, 4384408,-10385111,185749,44411, 1945,18036,  -23
 65956.700,  7326,21050,20555,-99999,-99999,-99999,-9999,-999, 4384226,-10385097,185755,44419, 1948,18111,  -24
 65957.700,  7326,21052,20540,-99999,-99999,-99999,-9999,-999, 4384043,-10385086,185760,44425, 1950,18220,  -26
 65958.700,  7326,21055,20528,-99999,-99999,-99999,-9999,-999, 4383861,-10385076,185762,44430, 1950,18325,  -31
 65959.700,  7324,21056,20521,-99999,-99999,-99999,-9999,-999, 4383679,-10385065,185764,44434, 1946,18397,  -34
 65960.700,  7324,21056,20518,-99999,-99999,-99999,-9999,-999, 4383496,-10385055,185766,44436, 1939,18502,  -45
 65961.700,  7327,21058,20508,-99999,-99999,-99999,-9999,-999, 4383314,-10385044,185768,44435, 1937,18577,  -47
 65962.700,  7326,21058,20514,-99999,-99999,-99999,-9999,-999, 4383130,-10385089,185769,44436, 1939,18684,  -50
 65963.700,  7328,21060,20506,-99999,-99999,-99999,-9999,-999, 4382951,-10385104,185776,44437, 1944,18776,  -51
 65964.700,  7329,21060,20510,-99999,-99999,-99999,-9999,-999, 4382770,-10385116,185778,44435, 1950,18868,  -52
 65965.700,  7330,21061,20510,-99999,-99999,-99999,-9999,-999, 4382589,-10385129,185780,44435, 1946,18975,  -51
 65966.700,  7331,21062,20505,-99999,-99999,-99999,-9999,-999, 4382408,-10385142,185782,44436, 1942,19078,  -49
 65967.700,  7331,21061,20511,-99999,-99999,-99999,-9999,-999, 4382227,-10385154,185784,44433, 1942,19159,  -47
 65968.700,  7331,21061,20507,-99999,-99999,-99999,-9999,-999, 4382046,-10385167,185787,44434, 1940,19271,  -43
 65969.700,  7332,21063,20502,-99999,-99999,-99999,-9999,-999, 4381865,-10385180,185789,44437, 1941,19343,  -40
 65970.700,  7333,21065,20500,-99999,-99999,-99999,-9999,-999, 4381702,-10385192,185790,44438, 1939,19447,  -39
 65971.700,  7333,21067,20495,-99999,-99999,-99999,-9999,-999, 4381553,-10385202,185791,44443, 1939,19555,  -35
 65972.700,  7332,21067,20499,-99999,-99999,-99999,-9999,-999, 4381419,-10385211,185792,44444, 1939,19627,  -33
 65973.700,  7332,21066,20500,-99999,-99999,-99999,-9999,-999, 4380968,-10385482,185795,44443, 1939,19733,  -32
