flight/ER2/SEAC4RS-MMS-1HZ_ER2_20130806_RA.ict
49, 1001                                                                                                                                                                                                
Bui, T. Paul                                                                                                                                                                                            
NASA Ames Research Center                                                                                                                                                                               
MMS - Meteorological Measurement System                                                                                                                                                                 
SEAC4RS                                                                                                                                                                                                 
1, 1                                                                                                                                                                                                    
2013, 08, 06, 2013, 08, 07                                                                                                                                                                              
-1                                                                                                                                                                                                      
TIME_UTC, seconds, elapsed time from 0000 UTC                                                                                                                                                           
15                                                                                                                                                                                                      
0.01, 0.01, 0.01, 0.01, 0.01, 0.001, 0.01, 0.01, 0.00001, 0.00001, 0.1, 0.01, 0.01, 0.01, 0.01                                                                                                          
-99999, -9999, -9999, -99999, -99999, -99999, -9999, -999, -9999999, -99999999, -99999, -9999, -9999, -9999, -9999                                                                                      
P, hPa, Static Pressure                                                                                                                                                                                 
T, K, Static Temperature                                                                                                                                                                                
TAS, m/s, True Air Speed                                                                                                                                                                                
U, m/s, E-W Horizontal Wind Speed                                                                                                                                                                       
[...]
DM_CONTACT_INFO: Jon Dean-Day, Bay Area Environmental Research Institute, 596 First St.                                                                                                                 
West, Sonoma, CA, 95476; email: jonathan.m.dean-day@nasa.gov                                                                                                                                            
PROJECT_INFO: SEAC4RS mission August 1 - September 30, 2013; Houston, TX                                                                                                                                
OTHER_COMMENTS:                                                                                                                                                                                         
..\cv\e_130806.cva                                                                                                                                                                                      
REVISION: RA                                                                                                                                                                                            
RA: FIELD DATA                                                                                                                                                                                          
TIME_UTC, P, T, TAS, U, V, W, TEDR, REYN, G_LAT, G_LONG, G_ALT, POT, ROLL, HDG, PITCH                                                                                                                   
[from data line 18858]
 82351.650,  6046,21750,20931,  -427,   293,   -27,-1199, 454, 4281757,-12392404,197867,48485,   31, 3080,   20
 82352.650,  6046,21749,20931,  -424,   293,   -43,-1247, 453, 4281922,-12392284,197867,48483,   34, 3078,   20
 82353.650,  6046,21750,20922,  -415,   300,   -51,-1294, 453, 4282087,-12392163,197866,48484,   32, 3077,   21
 82354.650,  6046,21748,20929,  -415,   293,    26,-1251, 453, 4282221,-12392063,197877,48481,   30, 3077,   19
 82355.650,  6045,21745,20936,  -414,   287,    11,-1185, 453, 4282387,-12391945,197876,48477,   21, 3077,   16
 82356.650,  6045,21744,20929,  -402,   289,   -49,-1200, 452, 4282552,-12391824,197876,48474,   14, 3074,   17
 82357.650,  6047,21748,20914,  -398,   304,    -5,-1125, 452, 4282718,-12391703,197875,48479,   19, 3070,   21
 82358.650,  6048,21749,20916,  -410,   307,    22,-1115, 453, 4282883,-12391581,197875,48480,   23, 3069,   21
 82359.650,  6047,21750,20914,  -415,   312,    24,-1075, 454, 4283048,-12391460,197875,48481,   27, 3072,   20
 82360.650,  6047,21748,20923,  -419,   303,    28,-1281, 453, 4283198,-12391347,197876,48479,   29, 3074,   19
 82361.650,  6046,21748,20924,  -420,   302,    -9,-1106, 454, 4283363,-12391226,197876,48480,   34, 3076,   17
 82362.650,  6046,21747,20924,  -420,   303,    20,-1184, 454, 4283529,-12391104,197876,48479,   35, 3077,   16
 82363.650,  6046,21747,20916,  -412,   306,    -9,-1087, 453, 4283694,-12390983,197875,48477,   35, 3077,   14
 82364.650,  6046,21746,20911,  -406,   307,    39,-1447, 453, 4283856,-12390860,197875,48475,   33, 3077,   15
 82365.650,  6046,21745,20906,  -403,   309,    40,-1161, 453, 4284012,-12390744,197876,48474,   30, 3076,   11
 82366.650,  6047,21746,20894,  -399,   320,   -50,-1359, 453, 4284177,-12390623,197875,48475,   21, 3076,   12
 82367.650,  6049,21748,20881,  -392,   330,    48,-1115, 453, 4284343,-12390502,197875,48474,   13, 3076,   18
 82368.650,  6050,21749,20865,  -383,   342,    57,-1069, 453, 4284508,-12390380,197874,48474,   20, 3075,   18
 82369.650,  6049,21747,20859,  -379,   346,    75,-1189, 453, 4284674,-12390259,197874,48472,   25, 3073,   21
 82370.650,  6050,21748,20847,  -370,   353,   130,-1151, 453, 4284840,-12390138,197874,48471,   29, 3072,   18
 82371.650,  6049,21746,20852,  -376,   349,   109,-1340, 453, 4285005,-12390016,197873,48469,   29, 3072,   15
 82372.650,  6049,21746,20855,  -382,   348,    54,-1122, 453, 4285155,-12389907,197873,48468,   29, 3073,   14
 82373.650,  6051,21747,20854,  -387,   352,    52,-1078, 454, 4285291,-12389807,197873,48468,   27, 3075,   16
 82374.650,  6051,21747,20862,  -391,   344,    64,-1040, 454, 4285637,-12389586,197874,48467,   28, 3077,   16
 82375.650,  6052,21748,20853,  -384,   350,    55,-1288, 454, 4285770,-12389486,197874,48467,   33, 3078,   18
 82376.650,  6051,21747,20862,  -393,   342,   116,-1170, 454, 4285936,-12389372,197874,48466,   33, 3078,   18
 82377.650,  6051,21747,20862,  -400,   345,    62,-1144, 454, 4286103,-12389257,197874,48467,   27, 3079,   16
 82378.650,  6051,21748,20861,  -405,   348,    17,-1271, 455, 4286254,-12389153,197874,48468,   17, 3082,   19
 82379.650,  6052,21749,20858,  -407,   350,    23,-1164, 455, 4286390,-12389059,197874,48468,   23, 3084,   23
 82380.650,  6053,21751,20846,  -403,   361,     6,-1117, 456, 4286514,-12388974,197874,48471,   29, 3084,   25
 82381.650,  6054,21753,20843,  -409,   364,   -12,-1198, 456, 4286625,-12388896,197874,48474,   27, 3084,   27
 82382.650,  6053,21753,20840,  -416,   369,   -52,-1186, 456, 4286726,-12388827,197874,48476,   25, 3086,   26
 82383.650,  6053,21754,20839,  -423,   370,  -102,-1249, 457, 4286818,-12388764,197874,48478,   26, 3089,   27
 82384.650,  6054,21755,20831,  -421,   381,  -124,-1411, 457, 4287178,-12388284,197848,48479,   34, 3091,   29
 82385.650,  6054,21757,20821,  -413,   402,   -42,-1153, 458, 4287383,-12388254,197847,48482,   37, 3092,   28
 82386.650,  6053,21757,20819,  -418,   404,   -53,-1194, 459, 4287545,-12388130,197847,48485,   37, 3092,   27
 82387.650,  6054,21759,20806,  -419,   417,   -56,-1198, 459, 4287706,-12388006,197846,48486,   32, 3094,   27
 82388.650,  6054,21759,20808,  -426,   417,   -76,-1048, 460, 4287867,-12387882,197846,48489,   22, 3098,   25
 82389.650,  6053,21765,20794,  -428,   431,  -105,-1114, 461, 4288029,-12387757,197845,48502,   18, 3102,   26
 82390.650,  6055,21774,20768,  -419,   454,   -68,-1157, 461, 4288179,-12387674,197827,48518,   23, 3102,   27
 82391.650,  6054,21776,20763,  -417,   458,   -89,-1152, 461, 4288344,-12387552,197826,48525,   29, 3102,   23
 82392.650,  6055,21782,20750,  -410,   468,  -135,-1115, 461, 4288509,-12387431,197825,48536,   26, 3104,   21
 82393.650,  6057,21785,20736,  -402,   479,  -148,-1010, 462, 4288674,-12387310,197824,48540,   25, 3104,   21
 82394.650,  6058,21786,20723,  -389,   486,  -148,-1098, 461, 4288843,-12387201,197834,48538,   25, 3103,   24
 82395.650,  6058,21786,20719,  -383,   486,  -126,-1098, 462, 4289008,-12387080,197833,48536,   29, 3101,   26
 82396.650,  6059,21784,20722,  -383,   482,  -125,-1198, 461, 4289173,-12386959,197832,48530,   29, 3098,   30
 82397.650,  6060,21783,20723,  -384,   479,   -86,-1143, 461, 4289338,-12386837,197832,48527,   29, 3096,   34
 82398.650,  6061,21782,20722,  -387,   481,   -54,-1194, 461, 4289503,-12386717,197831,48523,   25, 3095,   40
 82399.650,  6061,21779,20725,  -398,   476,   -36,-1119, 461, 4289737,-12386552,197851,48515,   20, 3095,   47
 82400.650,  6061,21775,20734,  -414,   455,  -248,-1104, 461, 4289837,-12386470,197814,48507,   18, 3097,   51
 82401.650,  6060,21771,20734,  -413,   451,  -272,-1043, 461, 4290002,-12386349,197813,48500,   19, 3099,   56
 82402.650,  6060,21769,20726,  -406,   450,  -235,-1437, 460, 4290166,-12386228,197812,48497,   23, 3100,   58
 82403.650,  6059,21768,20717,  -399,   451,  -253,-1010, 460, 4290330,-12386107,197811,48495,   27, 3100,   60
 82404.650,  6057,21765,20719,  -403,   444,  -257,-1103, 460, 4290491,-12385993,197836,48493,   31, 3098,   62
 82405.650,  6057,21766,20706,  -400,   453,  -240, -981, 460, 4290645,-12385881,197822,48498,   31, 3097,   62
 82406.650,  6056,21768,20703,  -407,   454,  -309,-1060, 461, 4290810,-12385760,197821,48504,   28, 3098,   61
 82407.650,  6055,21770,20694,  -411,   460,  -306,-1041, 461, 4290975,-12385639,197821,48511,   28, 3099,   61
 82408.650,  6054,21773,20686,  -407,   461,  -323,-1158, 461, 4291140,-12385518,197820,48519,   30, 3101,   60
 82409.650,  6053,21776,20680,  -409,   463,  -281,-1024, 461, 4291299,-12385398,197819,48527,   33, 3102,   58
 82410.650,  6050,21773,20693,  -429,   459,  -287, -914, 462, 4291458,-12385282,197831,48526,   24, 3103,   54
 82411.650,  6051,21773,20688,  -435,   467,  -331,-1096, 463, 4291621,-12385162,197838,48526,   13, 3107,   50
 82412.650,  6051,21773,20683,  -429,   468,  -337,-1093, 462, 4291784,-12385041,197840,48525,   19, 3108,   49
 82413.650,  6049,21772,20685,  -434,   469,  -330, -939, 463, 4291948,-12384922,197849,48526,   27, 3107,   47
 82414.650,  6049,21769,20695,  -445,   463,  -307,-1093, 463, 4292112,-12384802,197854,48522,   26, 3107,   41
 82415.650,  6049,21769,20698,  -449,   464,  -394,-1021, 463, 4292276,-12384681,197860,48519,   21, 3108,   40
 82416.650,  6050,21769,20696,  -452,   468,  -394,-1016, 463, 4292441,-12384561,197861,48518,   23, 3110,   42
 82417.650,  6050,21769,20702,  -453,   465,  -356,-1106, 463, 4292605,-12384440,197866,48517,   29, 3111,   42
 82418.650,  6049,21766,20719,  -459,   452,  -322,-1104, 463, 4292769,-12384320,197875,48514,   32, 3112,   40
 82419.650,  6049,21765,20739,  -468,   436,  -331,-1011, 463, 4292934,-12384199,197881,48511,   34, 3111,   40
 82420.650,  6050,21767,20743,  -469,   432,  -282,-1095, 463, 4293099,-12384079,197884,48514,   31, 3111,   40
 82421.650,  6049,21767,20759,  -478,   422,  -306,-1207, 463, 4293263,-12383957,197889,48516,   18, 3112,   40
 82422.650,  6050,21769,20762,  -477,   420,  -286,-1107, 462, 4293428,-12383836,197893,48519,   18, 3114,   42
 82423.650,  6051,21773,20756,  -469,   423,  -288,-1122, 462, 4293593,-12383715,197896,48526,   24, 3113,   44
 82424.650,  6052,21775,20754,  -465,   422,  -247,-1058, 462, 4293758,-12383594,197898,48529,   28, 3111,   47
 82425.650,  6051,21777,20749,  -462,   427,  -218,-1095, 462, 4293923,-12383473,197900,48534,   25, 3109,   47
 82426.650,  6050,21775,20758,  -469,   421,  -202,-1118, 462, 4294088,-12383351,197902,48532,   22, 3108,   48
 82427.650,  6051,21775,20760,  -471,   420,  -145,-1224, 462, 4294253,-12383231,197903,48529,   24, 3108,   48
 82428.650,  6051,21775,20750,  -470,   430,  -185,-1062, 462, 4294418,-12383110,197906,48529,   28, 3109,   49
 82429.650,  6051,21773,20741,  -461,   435,  -147,-1080, 462, 4294583,-12382988,197908,48527,   34, 3110,   50
 82430.650,  6049,21770,20747,  -466,   431,  -134, -917, 462, 4294748,-12382867,197909,48522,   35, 3110,   49
 82431.650,  6049,21768,20744,  -470,   436,  -125,-1105, 463, 4294913,-12382746,197911,48519,   32, 3111,   48
 82432.650,  6049,21766,20743,  -469,   437,  -145,-1014, 463, 4295078,-12382625,197913,48515,   22, 3114,   46
 82433.650,  6048,21765,20743,  -465,   435,  -191,-1181, 463, 4295243,-12382504,197915,48513,   16, 3114,   46
 82434.650,  6048,21763,20741,  -460,   435,  -179,-1104, 462, 4295408,-12382383,197918,48510,   19, 3113,   47
 82435.650,  6048,21762,20741,  -460,   435,  -150,-1430, 462, 4295573,-12382261,197920,48507,   25, 3112,   46
 82436.650,  6047,21759,20753,  -467,   425,  -161,-1131, 462, 4295738,-12382140,197922,48503,   29, 3111,   44
 82437.650,  6047,21758,20748,  -463,   430,  -155,-1163, 462, 4295903,-12382019,197924,48501,   28, 3111,   43
 82438.650,  6046,21756,20755,  -466,   423,  -173,-1246, 462, 4296068,-12381898,197927,48500,   27, 3111,   42
 82439.650,  6045,21756,20754,  -464,   426,  -185,-1210, 462, 4296233,-12381777,197930,48500,   28, 3112,   41
 82440.650,  6046,21754,20762,  -466,   420,  -137,-1234, 462, 4296398,-12381655,197932,48495,   31, 3112,   40
 82441.650,  6046,21754,20762,  -464,   420,  -108,-1264, 462, 4296563,-12381534,197936,48494,   32, 3112,   37
 82442.650,  6046,21754,20761,  -462,   425,   -63,-1222, 462, 4296728,-12381413,197939,48493,   29, 3111,   33
 82443.650,  6046,21754,20762,  -464,   427,   -92,-1080, 462, 4296893,-12381292,197942,48494,   17, 3112,   32
 82444.650,  6045,21752,20766,  -464,   425,   -95,-1150, 462, 4297058,-12381169,197945,48492,   12, 3114,   34
 82445.650,  6045,21750,20774,  -464,   420,   -27,-1272, 462, 4297223,-12381048,197948,48489,   18, 3113,   34
 82446.650,  6045,21750,20775,  -462,   419,   -31,-1212, 462, 4297388,-12380927,197952,48487,   24, 3110,   33
 82447.650,  6044,21749,20778,  -463,   419,   -47,-1351, 462, 4297553,-12380806,197957,48488,   23, 3108,   32
 82448.650,  6044,21748,20785,  -468,   415,   -61,-1189, 462, 4297718,-12380684,197962,48485,   20, 3108,   30
 82449.650,  6044,21748,20782,  -468,   421,  -112,-1215, 462, 4297883,-12380563,197966,48485,   21, 3110,   29
 82450.650,  6045,21748,20786,  -469,   419,  -158,-1067, 462, 4298048,-12380441,197969,48484,   26, 3112,   29
 82451.650,  6044,21747,20792,  -469,   416,  -151,-1085, 462, 4298213,-12380320,197972,48481,   33, 3113,   29
 82452.650,  6045,21746,20791,  -467,   419,  -116,-1257, 462, 4298378,-12380198,197974,48480,   37, 3113,   29
 82453.650,  6044,21745,20796,  -469,   418,   -85,-1027, 462, 4298543,-12380077,197976,48479,   33, 3112,   27
 82454.650,  6044,21744,20799,  -473,   420,  -105,-1159, 462, 4298708,-12379955,197977,48477,   16, 3114,   24
 82455.650,  6045,21744,20795,  -466,   426,  -120,-1058, 462, 4298874,-12379834,197978,48475,   12, 3115,   27
 82456.650,  6044,21744,20797,  -462,   424,   -79,-1081, 462, 4299039,-12379711,197978,48475,   17, 3115,   28
 82457.650,  6046,21744,20798,  -460,   426,   -47,-1073, 462, 4299204,-12379590,197978,48473,   26, 3113,   28
 82458.650,  6046,21744,20796,  -458,   431,   -53,-1075, 462, 4299370,-12379468,197977,48472,   25, 3113,   28
 82459.650,  6046,21743,20805,  -461,   425,   -77,-1247, 462, 4299535,-12379347,197977,48470,   21, 3112,   26
 82460.650,  6044,21741,20816,  -462,   417,  -123,-1074, 462, 4299700,-12379225,197976,48469,   23, 3112,   26
 82461.650,  6045,21741,20817,  -458,   417,  -155,-1159, 461, 4299866,-12379103,197975,48468,   28, 3112,   27
 82462.650,  6045,21739,20835,  -465,   403,  -151, -980, 461, 4300031,-12378981,197974,48465,   33, 3111,   28
 82463.650,  6045,21739,20842,  -466,   398,  -160,-1095, 461, 4300197,-12378859,197973,48464,   34, 3111,   26
 82464.650,  6045,21740,20847,  -467,   398,  -168,-1367, 461, 4300362,-12378737,197972,48466,   31, 3112,   22
 82465.650,  6044,21739,20867,  -473,   384,  -189,-1089, 461, 4300528,-12378616,197970,48467,   21, 3114,   19
 82466.650,  6045,21739,20882,  -472,   370,  -178,-1063, 460, 4300693,-12378494,197969,48465,   13, 3114,   21
 82467.650,  6046,21741,20883,  -464,   368,  -122,-1224, 460, 4300859,-12378372,197967,48466,   17, 3113,   22
 82468.650,  6045,21742,20889,  -464,   364,  -123,-1194, 459, 4301024,-12378250,197965,48469,   22, 3108,   23
 82469.650,  6046,21742,20897,  -471,   361,  -114,-1148, 460, 4301190,-12378128,197963,48467,   23, 3106,   23
 82470.650,  6045,21740,20911,  -477,   350,  -139,-1202, 459, 4301355,-12378006,197961,48465,   21, 3106,   22
 82471.650,  6044,21739,20917,  -476,   346,  -213,-1088, 459, 4301521,-12377884,197958,48465,   22, 3107,   22
 82472.650,  6044,21738,20922,  -475,   342,  -226,-1220, 459, 4301686,-12377762,197958,48463,   25, 3107,   24
 82473.650,  6045,21740,20917,  -469,   347,  -185,-1021, 459, 4301852,-12377640,197956,48465,   29, 3106,   24
 82474.650,  6045,21739,20925,  -475,   342,  -220,-1162, 459, 4302018,-12377518,197954,48464,   32, 3105,   23
 82475.650,  6044,21738,20937,  -483,   333,  -235, -981, 459, 4302183,-12377396,197952,48463,   31, 3105,   24
 82476.650,  6045,21739,20927,  -476,   340,  -242,-1151, 459, 4302349,-12377274,197950,48463,   21, 3107,   23
 82477.650,  6045,21739,20926,  -471,   339,  -275,-1263, 459, 4302515,-12377152,197949,48462,   14, 3108,   25
 82478.650,  6045,21737,20927,  -467,   335,  -249, -999, 458, 4302681,-12377030,197948,48460,   17, 3108,   26
 82479.650,  6045,21736,20918,  -458,   341,  -212,-1095, 458, 4302846,-12376908,197947,48457,   24, 3104,   27
 82480.650,  6044,21735,20919,  -456,   340,  -144,-1215, 458, 4303012,-12376786,197947,48455,   22, 3101,   25
 82481.650,  6045,21736,20920,  -461,   341,  -131,-1085, 458, 4303178,-12376664,197946,48455,   18, 3100,   24
 82482.650,  6045,21732,20924,  -460,   337,  -108,-1367, 458, 4303343,-12376541,197946,48449,   20, 3101,   22
 82483.650,  6044,21729,20926,  -452,   330,   -93,-1239, 457, 4303509,-12376419,197947,48445,   25, 3100,   21
 82484.650,  6044,21732,20926,  -454,   332,   -58,-1422, 457, 4303675,-12376297,197947,48450,   30, 3099,   20
 82485.650,  6043,21731,20933,  -460,   328,   -76, -966, 457, 4303840,-12376175,197947,48449,   32, 3098,   19
 82486.650,  6044,21733,20928,  -455,   332,   -21,-1482, 457, 4304006,-12376052,197947,48450,   29, 3099,   19
 82487.650,  6042,21730,20950,  -473,   319,   -31,-1173, 458, 4304172,-12375930,197947,48450,   21, 3102,   14
 82488.650,  6042,21729,20947,  -470,   322,   -64,-1061, 458, 4304337,-12375808,197946,48448,   12, 3105,   13
 82489.650,  6043,21730,20938,  -458,   327,   -38,-1220, 457, 4304503,-12375686,197946,48447,   17, 3104,   14
 82490.650,  6043,21728,20938,  -458,   328,    18,-1101, 457, 4304669,-12375563,197945,48443,   27, 3101,   12
 82491.650,  6043,21729,20934,  -459,   331,    -5,-1262, 458, 4304835,-12375441,197944,48445,   26, 3099,   10
 82492.650,  6043,21728,20937,  -463,   331,   -30,-1180, 458, 4305001,-12375319,197944,48442,   20, 3100,   10
