flight/ER2/SEAC4RS-MMS-1HZ_ER2_20130808_RA.ict
49, 1001                                                                                                                                                                                                
Bui, T. Paul                                                                                                                                                                                            
NASA Ames Research Center                                                                                                                                                                               
MMS - Meteorological Measurement System                                                                                                                                                                 
SEAC4RS                                                                                                                                                                                                 
1, 1                                                                                                                                                                                                    
2013, 08, 08, 2013, 08, 08                                                                                                                                                                              
-1                                                                                                                                                                                                      
TIME_UTC, seconds, elapsed time from 0000 UTC                                                                                                                                                           
15                                                                                                                                                                                                      
0.01, 0.01, 0.01, 0.01, 0.01, 0.001, 0.01, 0.01, 0.00001, 0.00001, 0.1, 0.01, 0.01, 0.01, 0.01                                                                                                          
-99999, -9999, -9999, -99999, -99999, -99999, -9999, -999, -9999999, -99999999, -99999, -9999, -9999, -9999, -9999                                                                                      
P, hPa, Static Pressure                                                                                                                                                                                 
T, K, Static Temperature                                                                                                                                                                                
TAS, m/s, True Air Speed                                                                                                                                                                                
U, m/s, E-W Horizontal Wind Speed                                                                                                                                                                       
[...]
DM_CONTACT_INFO: Jon Dean-Day, Bay Area Environmental Research Institute, 596 First St.                                                                                                                 
West, Sonoma, CA, 95476; email: jonathan.m.dean-day@nasa.gov                                                                                                                                            
PROJECT_INFO: SEAC4RS mission August 1 - September 30, 2013; Houston, TX                                                                                                                                
OTHER_COMMENTS:                                                                                                                                                                                         
..\cv\e_130808.cva                                                                                                                                                                                      
REVISION: RA                                                                                                                                                                                            
RA: FIELD DATA                                                                                                                                                                                          
TIME_UTC, P, T, TAS, U, V, W, TEDR, REYN, G_LAT, G_LONG, G_ALT, POT, ROLL, HDG, PITCH                                                                                                                   
[from data line 20429]
 80436.650,  7690,20675,20304,-99999,-99999,-99999, 2974,-999, 3118169, -9218563,183544,43027,   26,18475, -177
 80437.650,  7695,20677,20303,-99999,-99999,-99999, 2972,-999, 3117993, -9218579,183546,43025,   30,18472, -176
 80438.650,  7702,20681,20291,-99999,-99999,-99999, 2985,-999, 3117814, -9218598,183538,43022,   45,18470, -175
 80439.650,  7706,20683,20294,-99999,-99999,-99999, 2976,-999, 3117649, -9218614,183442,43020,   46,18468, -184
 80440.650,  7711,20685,20296,-99999,-99999,-99999, 2975,-999, 3117469, -9218634,183432,43016,   37,18468, -186
 80441.650,  7719,20690,20282,-99999,-99999,-99999, 2974,-999, 3117290, -9218653,183422,43013,   36,18468, -188
 80442.650,  7723,20688,20289,-99999,-99999,-99999, 2973,-999, 3117110, -9218672,183412,43002,   42,18467, -196
 80443.650,  7730,20686,20300,-99999,-99999,-99999, 2983,-999, 3116930, -9218691,183401,42987,   40,18466, -200
 80444.650,  7738,20688,20297,-99999,-99999,-99999, 2981,-999, 3116751, -9218711,183391,42979,   33,18463, -197
 80445.650,  7745,20678,20309,-99999,-99999,-99999, 2984,-999, 3116571, -9218730,183381,42947,   26,18460, -194
 80446.650,  7753,20669,20336,-99999,-99999,-99999, 2983,-999, 3116409, -9218746,183374,42916,   26,18455, -187
 80447.650,  7762,20663,20335,-99999,-99999,-99999, 2988,-999, 3116262, -9218762,183371,42888,   28,18449, -165
 80448.650,  7766,20660,20321,-99999,-99999,-99999, 2984,-999, 3116129, -9218776,183368,42876,   32,18445, -162
 80449.650,  7768,20659,20307,-99999,-99999,-99999, 2984,-999, 3116008, -9218789,183367,42870,   44,18442, -168
 80450.650,  7771,20654,20280,-99999,-99999,-99999, 2980,-999, 3115899, -9218801,183366,42856,   41,18444, -177
 80451.650,  7774,20645,20280,-99999,-99999,-99999, 2988,-999, 3115801, -9218811,183366,42832,   32,18446, -187
 80452.650,  7782,20633,20256,-99999,-99999,-99999, 2988,-999, 3115711, -9218821,183365,42796,   31,18450, -191
 80453.650,  7786,20629,20232,-99999,-99999,-99999, 2984,-999, 3114994, -9218911,183380,42781,   32,18450, -196
 80454.650,  7787,20624,20220,-99999,-99999,-99999, 2986,-999, 3114829, -9218932,183380,42769,   33,18450, -219
 80455.650,  7795,20626,20195,-99999,-99999,-99999, 2984,-999, 3114664, -9218952,183380,42760,   27,18451, -233
 80456.650,  7802,20626,20190,-99999,-99999,-99999, 2978,-999, 3114500, -9218972,183381,42750,   22,18451, -245
 80457.650,  7811,20629,20173,-99999,-99999,-99999, 2983,-999, 3114340, -9218991,183382,42741,   21,18451, -258
 80458.650,  7820,20630,20161,-99999,-99999,-99999, 2981,-999, 3114162, -9219013,183382,42730,   25,18452, -267
 80459.650,  7829,20633,20159,-99999,-99999,-99999, 2983,-999, 3113983, -9219036,183382,42721,   36,18451, -282
 80460.650,  7837,20634,20160,-99999,-99999,-99999, 2986,-999, 3113805, -9219058,183382,42712,   56,18448, -298
 80461.650,  7848,20639,20160,-99999,-99999,-99999, 2984,-999, 3113632, -9219078,183387,42704,   51,18448, -308
 80462.650,  7860,20643,20160,-99999,-99999,-99999, 2982,-999, 3113470, -9219098,183388,42695,   47,18450, -316
 80463.650,  7871,20648,20163,-99999,-99999,-99999, 2980,-999, 3113320, -9219081,183188,42687,   51,18449, -321
 80464.650,  7884,20653,20167,-99999,-99999,-99999, 2981,-999, 3113142, -9219101,183183,42678,   47,18446, -331
 80465.650,  7896,20658,20179,-99999,-99999,-99999, 2984,-999, 3112964, -9219120,183177,42669,   38,18444, -336
 80466.650,  7909,20664,20186,-99999,-99999,-99999, 2981,-999, 3112785, -9219139,183172,42662,   36,18442, -335
 80467.650,  7924,20672,20189,-99999,-99999,-99999, 2981,-999, 3112607, -9219159,183166,42654,   39,18440, -331
 80468.650,  7937,20676,20186,-99999,-99999,-99999, 2977,-999, 3112426, -9219180,183162,42644,   41,18437, -333
 80469.650,  7948,20684,20187,-99999,-99999,-99999, 2985,-999, 3112247, -9219199,183156,42642,   28,18436, -334
 80470.650,  7962,20687,20184,-99999,-99999,-99999, 2981,-999, 3112068, -9219219,183150,42627,   40,18436, -331
 80471.650,  7973,20693,20158,-99999,-99999,-99999, 2982,-999, 3111923, -9219205,183082,42625,   61,18436, -341
 80472.650,  7983,20697,20170,-99999,-99999,-99999, 2985,-999, 3111774, -9219215,183078,42616,   55,18438, -354
 80473.650,  8001,20704,20139,-99999,-99999,-99999, 2976,-999, 3111625, -9219226,183074,42604,   43,18442, -345
 80474.650,  8010,20705,20141,-99999,-99999,-99999, 2979,-999, 3111476, -9219235,183071,42593,   40,18439, -366
 80475.650,  8022,20710,20124,-99999,-99999,-99999, 2981,-999, 3111341, -9219245,183069,42584,   43,18439, -371
 80476.650,  8037,20711,20117,-99999,-99999,-99999, 2984,-999, 3111218, -9219253,183067,42563,   45,18441, -382
 80477.650,  8050,20708,20147,-99999,-99999,-99999, 2981,-999, 3111108, -9219260,183067,42538,   37,18442, -389
 80478.650,  8069,20712,20176,-99999,-99999,-99999, 2984,-999, 3111008, -9219267,183066,42516,   34,18446, -382
 80479.650,  8088,20715,20194,-99999,-99999,-99999, 2980,-999, 3110917, -9219273,183066,42495,   37,18450, -361
 80480.650,  8101,20713,20251,-99999,-99999,-99999, 2977,-999, 3110835, -9219279,183066,42470,   41,18453, -354
 80481.650,  8118,20717,20273,-99999,-99999,-99999, 2983,-999, 3110761, -9219284,183066,42454,   47,18458, -319
 80482.650,  8133,20722,20292,-99999,-99999,-99999, 2983,-999, 3110694, -9219288,183066,42443,   61,18462, -301
 80483.650,  8141,20724,20327,-99999,-99999,-99999, 2984,-999, 3109573, -9219485,182961,42433,   54,18462, -291
 80484.650,  8156,20727,20339,-99999,-99999,-99999, 2979,-999, 3109524, -9219478,182642,42417,   40,18467, -252
 80485.650,  8165,20722,20377,-99999,-99999,-99999, 2975,-999, 3109342, -9219498,182630,42395,   41,18470, -234
 80486.650,  8170,20723,20391,-99999,-99999,-99999, 2975,-999, 3109147, -9219523,182590,42389,   42,18472, -211
 80487.650,  8179,20726,20394,-99999,-99999,-99999, 2982,-999, 3108996, -9219531,182453,42382,   31,18475, -183
 80488.650,  8182,20726,20408,-99999,-99999,-99999, 2981,-999, 3108813, -9219551,182437,42377,   26,18476, -175
 80489.650,  8186,20727,20408,-99999,-99999,-99999, 2981,-999, 3108630, -9219570,182422,42373,   22,18478, -156
 80490.650,  8191,20729,20405,-99999,-99999,-99999, 2978,-999, 3108447, -9219590,182407,42368,   23,18478, -143
 80491.650,  8192,20727,20408,-99999,-99999,-99999, 2972,-999, 3108276, -9219595,181974,42364,   24,18480, -139
 80492.650,  8194,20726,20404,-99999,-99999,-99999, 2981,-999, 3108094, -9219615,181949,42359,   31,18480, -129
 80493.650,  8196,20726,20394,-99999,-99999,-99999, 2978,-999, 3107904, -9219637,181882,42357,   46,18480, -125
 80494.650,  8194,20725,20387,-99999,-99999,-99999, 2978,-999, 3107722, -9219656,181857,42357,   45,18478, -133
 80495.650,  8194,20724,20384,-99999,-99999,-99999, 2972,-999, 3107539, -9219675,181832,42355,   33,18481, -136
 80496.650,  8198,20725,20372,-99999,-99999,-99999, 2979,-999, 3107374, -9219683,181445,42350,   34,18482, -135
 80497.650,  8200,20723,20369,-99999,-99999,-99999, 2977,-999, 3107206, -9219697,181358,42343,   37,18481, -140
 80498.650,  8202,20721,20367,-99999,-99999,-99999, 2976,-999, 3107032, -9219714,181308,42337,   34,18481, -148
 80499.650,  8205,20719,20358,-99999,-99999,-99999, 2977,-999, 3106863, -9219731,180981,42327,   26,18485, -157
 80500.650,  8208,20715,20359,-99999,-99999,-99999, 2977,-999, 3106683, -9219750,180941,42317,   24,18490, -164
 80501.650,  8211,20711,20355,-99999,-99999,-99999, 2981,-999, 3106501, -9219770,180879,42302,   25,18492, -169
 80502.650,  8215,20704,20352,-99999,-99999,-99999, 2973,-999, 3106319, -9219790,180825,42282,   26,18497, -176
 80503.650,  8220,20698,20352,-99999,-99999,-99999, 2976,-999, 3106138, -9219809,180784,42263,   35,18503, -180
 80504.650,  8223,20679,20379,-99999,-99999,-99999, 2976,-999, 3105958, -9219828,180742,42220,   52,18505, -182
 80505.650,  8231,20668,20387,-99999,-99999,-99999, 2974,-999, 3105778, -9219847,180701,42185,   48,18509, -172
 80506.650,  8238,20667,20372,-99999,-99999,-99999, 2977,-999, 3105550, -9219869,180565,42173,   42,18514, -164
 80507.650,  8238,20661,20383,-99999,-99999,-99999, 2978,-999, 3105371, -9219888,180547,42161,   42,18516, -169
 80508.650,  8243,20660,20363,-99999,-99999,-99999, 2979,-999, 3105193, -9219906,180528,42153,   40,18517, -170
 80509.650,  8246,20660,20351,-99999,-99999,-99999, 2975,-999, 3105015, -9219925,180510,42148,   39,18517, -173
 80510.650,  8250,20660,20345,-99999,-99999,-99999, 2977,-999, 3104846, -9219940,180479,42143,   34,18516, -180
 80511.650,  8253,20660,20337,-99999,-99999,-99999, 2976,-999, 3104675, -9219958,180454,42138,   28,18516, -187
 80512.650,  8258,20662,20325,-99999,-99999,-99999, 2974,-999, 3104500, -9219976,180436,42133,   24,18514, -192
 80513.650,  8264,20663,20309,-99999,-99999,-99999, 2978,-999, 3104339, -9219994,180362,42128,   23,18511, -201
 80514.650,  8270,20664,20297,-99999,-99999,-99999, 2971,-999, 3104166, -9220010,180339,42121,   33,18508, -207
 80515.650,  8274,20664,20302,-99999,-99999,-99999, 2974,-999, 3103994, -9220030,180222,42115,   49,18506, -217
 80516.650,  8279,20663,20300,-99999,-99999,-99999, 2974,-999, 3103817, -9220047,180162,42107,   48,18505, -230
 80517.650,  8287,20663,20294,-99999,-99999,-99999, 2979,-999, 3103650, -9220062,180050,42094,   42,18504, -235
 80518.650,  8295,20661,20280,-99999,-99999,-99999, 2970,-999, 3103477, -9220078,179957,42078,   37,18504, -241
 80519.650,  8302,20663,20275,-99999,-99999,-99999, 2975,-999, 3103302, -9220095,179925,42073,   35,18503, -251
 80520.650,  8310,20663,20270,-99999,-99999,-99999, 2976,-999, 3103129, -9220113,179812,42062,   36,18502, -256
 80521.650,  8318,20663,20252,-99999,-99999,-99999, 2974,-999, 3102943, -9220131,179639,42049,   39,18499, -265
 80522.650,  8325,20664,20243,-99999,-99999,-99999, 2975,-999, 3102763, -9220149,179479,42040,   30,18492, -280
 80523.650,  8335,20668,20224,-99999,-99999,-99999, 2976,-999, 3102585, -9220166,179324,42034,   21,18489, -286
 80524.650,  8343,20669,20224,-99999,-99999,-99999, 2972,-999, 3102408, -9220185,179191,42026,   22,18490, -299
 80525.650,  8354,20667,20213,-99999,-99999,-99999, 2974,-999, 3102232, -9220204,179059,42006,   35,18488, -307
 80526.650,  8365,20659,20215,-99999,-99999,-99999, 2977,-999, 3102055, -9220222,178907,41975,   51,18486, -314
 80527.650,  8376,20651,20210,-99999,-99999,-99999, 2976,-999, 3101878, -9220239,178759,41943,   47,18488, -314
 80528.650,  8387,20644,20194,-99999,-99999,-99999, 2974,-999, 3101701, -9220257,178612,41911,   40,18494, -319
 80529.650,  8397,20631,20228,-99999,-99999,-99999, 2979,-999, 3101524, -9220274,178472,41870,   38,18502, -325
 80530.650,  8413,20634,20241,-99999,-99999,-99999, 2969,-999, 3101347, -9220292,178327,41855,   50,18510, -306
 80531.650,  8425,20634,20258,-99999,-99999,-99999, 2975,-999, 3101170, -9220310,178185,41837,   52,18511, -304
 80532.650,  8435,20627,20280,-99999,-99999,-99999, 2974,-999, 3100993, -9220328,178044,41810,   36,18513, -288
 80533.650,  8447,20621,20297,-99999,-99999,-99999, 2974,-999, 3100816, -9220346,177907,41779,   38,18512, -269
 80534.650,  8455,20615,20300,-99999,-99999,-99999, 2979,-999, 3100639, -9220365,177773,41757,   43,18506, -258
 80535.650,  8464,20614,20297,-99999,-99999,-99999, 2976,-999, 3100462, -9220382,177642,41741,   30,18499, -249
 80536.650,  8473,20613,20283,-99999,-99999,-99999, 2973,-999, 3100285, -9220400,177522,41727,   34,18494, -235
 80537.650,  8479,20611,20273,-99999,-99999,-99999, 2977,-999, 3100108, -9220419,177399,41714,   47,18487, -235
 80538.650,  8482,20605,20263,-99999,-99999,-99999, 2974,-999, 3099930, -9220437,177280,41700,   39,18484, -241
 80539.650,  8489,20607,20236,-99999,-99999,-99999, 2973,-999, 3099753, -9220455,177165,41692,   35,18484, -241
 80540.650,  8496,20604,20234,-99999,-99999,-99999, 2975,-999, 3099576, -9220473,177053,41677,   37,18484, -249
 80541.650,  8504,20602,20238,-99999,-99999,-99999, 2976,-999, 3099399, -9220491,176944,41661,   40,18481, -254
 80542.650,  8513,20601,20233,-99999,-99999,-99999, 2976,-999, 3099222, -9220510,176838,41646,   36,18479, -256
 80543.650,  8522,20597,20220,-99999,-99999,-99999, 2972,-999, 3099045, -9220528,176734,41626,   28,18478, -262
 80544.650,  8530,20595,20199,-99999,-99999,-99999, 2974,-999, 3098868, -9220546,176632,41611,   23,18478, -266
 80545.650,  8538,20592,20177,-99999,-99999,-99999, 2972,-999, 3098691, -9220565,176536,41594,   20,18477, -273
 80546.650,  8546,20581,20170,-99999,-99999,-99999, 2980,-999, 3098513, -9220583,176440,41559,   16,18478, -287
 80547.650,  8556,20570,20164,-99999,-99999,-99999, 2977,-999, 3098336, -9220600,176343,41525,   29,18481, -290
 80548.650,  8566,20563,20155,-99999,-99999,-99999, 2974,-999, 3098159, -9220619,176247,41495,   50,18491, -301
 80549.650,  8575,20554,20140,-99999,-99999,-99999, 2975,-999, 3097981, -9220637,176152,41464,   49,18501, -310
 80550.650,  8589,20557,20121,-99999,-99999,-99999, 2974,-999, 3097804, -9220655,176056,41452,   50,18520, -320
 80551.650,  8597,20549,20163,-99999,-99999,-99999, 2974,-999, 3097626, -9220674,175962,41424,   56,18534, -334
 80552.650,  8614,20545,20157,-99999,-99999,-99999, 2974,-999, 3097448, -9220691,175867,41394,   56,18544, -327
 80553.650,  8628,20547,20135,-99999,-99999,-99999, 2974,-999, 3097270, -9220709,175773,41379,   53,18556, -324
 80554.650,  8635,20546,20141,-99999,-99999,-99999, 2974,-999, 3097092, -9220728,175677,41366,   45,18562, -341
 80555.650,  8649,20549,20139,-99999,-99999,-99999, 2976,-999, 3096914, -9220746,175583,41354,   40,18565, -343
 80556.650,  8662,20552,20137,-99999,-99999,-99999, 2972,-999, 3096735, -9220764,175490,41342,   37,18568, -345
 80557.650,  8674,20555,20132,-99999,-99999,-99999, 2977,-999, 3096557, -9220783,175396,41332,   38,18569, -348
 80558.650,  8688,20555,20121,-99999,-99999,-99999, 2975,-999, 3096378, -9220801,175302,41314,   44,18569, -352
 80559.650,  8699,20554,20120,-99999,-99999,-99999, 2975,-999, 3096200, -9220819,175208,41295,   59,18567, -356
 80560.650,  8711,20552,20118,-99999,-99999,-99999, 2974,-999, 3096021, -9220838,175114,41276,   57,18564, -364
 80561.650,  8726,20555,20106,-99999,-99999,-99999, 2971,-999, 3095842, -9220857,175020,41262,   44,18562, -366
 80562.650,  8738,20548,20085,-99999,-99999,-99999, 2974,-999, 3095663, -9220875,174926,41231,   39,18559, -369
 80563.650,  8750,20534,20063,-99999,-99999,-99999, 2972,-999, 3095483, -9220893,174831,41187,   39,18553, -382
 80564.650,  8763,20523,20066,-99999,-99999,-99999, 2971,-999, 3095304, -9220912,174736,41146,   33,18549, -394
 80565.650,  8780,20514,20066,-99999,-99999,-99999, 2974,-999, 3095125, -9220931,174643,41106,   22,18550, -395
 80566.650,  8796,20513,20045,-99999,-99999,-99999, 2974,-999, 3094945, -9220950,174545,41081,   23,18557, -393
 80567.650,  8811,20483,20024,-99999,-99999,-99999, 2972,-999, 3094765, -9220968,174447,41002,   28,18559, -404
 80568.650,  8827,20445,20089,-99999,-99999,-99999, 2976,-999, 3094585, -9220987,174356,40906,   22,18570, -404
 80569.650,  8857,20411,20088,-99999,-99999,-99999, 2975,-999, 3094405, -9221006,174265,40797,   38,18591, -342
 80570.650,  8866,20391,20059,-99999,-99999,-99999, 2972,-999, 3094225, -9221025,174174,40746,   60,18607, -346
 80571.650,  8870,20360,20071,-99999,-99999,-99999, 2972,-999, 3094045, -9221043,174082,40679,   57,18629, -359
 80572.650,  8889,20359,20037,-99999,-99999,-99999, 2971,-999, 3093865, -9221062,173991,40651,   46,18656, -344
 80573.650,  8899,20336,20037,-99999,-99999,-99999, 2975,-999, 3093685, -9221080,173900,40592,   53,18673, -346
 80574.650,  8913,20297,20104,-99999,-99999,-99999, 2973,-999, 3093505, -9221099,173809,40497,   50,18697, -340
 80575.650,  8938,20282,20112,-99999,-99999,-99999, 2972,-999, 3093325, -9221118,173718,40435,   53,18719, -287
 80576.650,  8943,20265,20149,-99999,-99999,-99999, 2974,-999, 3093145, -9221137,173627,40394,   54,18728, -287
 80577.650,  8953,20256,20148,-99999,-99999,-99999, 2974,-999, 3092965, -9221155,173536,40363,   38,18741, -258
