flight/ER2/SEAC4RS-MMS-1HZ_ER2_20130802_RA.ict
49, 1001                                                                                                                                                                                                
Bui, T. Paul                                                                                                                                                                                            
NASA Ames Research Center                                                                                                                                                                               
MMS - Meteorological Measurement System                                                                                                                                                                 
SEAC4RS                                                                                                                                                                                                 
1, 1                                                                                                                                                                                                    
2013, 08, 02, 2013, 08, 04                                                                                                                                                                              
-1                                                                                                                                                                                                      
TIME_UTC, seconds, elapsed time from 0000 UTC                                                                                                                                                           
15                                                                                                                                                                                                      
0.01, 0.01, 0.01, 0.01, 0.01, 0.001, 0.01, 0.01, 0.00001, 0.00001, 0.1, 0.01, 0.01, 0.01, 0.01                                                                                                          
-99999, -9999, -9999, -99999, -99999, -99999, -9999, -999, -9999999, -99999999, -99999, -9999, -9999, -9999, -9999                                                                                      
P, hPa, Static Pressure                                                                                                                                                                                 
T, K, Static Temperature                                                                                                                                                                                
TAS, m/s, True Air Speed                                                                                                                                                                                
U, m/s, E-W Horizontal Wind Speed                                                                                                                                                                       
[...]
DM_CONTACT_INFO: Jon Dean-Day, Bay Area Environmental Research Institute, 596 First St.                                                                                                                 
West, Sonoma, CA, 95476; email: jonathan.m.dean-day@nasa.gov                                                                                                                                            
PROJECT_INFO: SEAC4RS mission August 1 - September 30, 2013; Houston, TX                                                                                                                                
OTHER_COMMENTS:                                                                                                                                                                                         
..\cv\e_130802.cva                                                                                                                                                                                      
REVISION: RA                                                                                                                                                                                            
RA: FIELD DATA                                                                                                                                                                                          
TIME_UTC, P, T, TAS, U, V, W, TEDR, REYN, G_LAT, G_LONG, G_ALT, POT, ROLL, HDG, PITCH                                                                                                                   
[from data line 2572]
 65971.700,  6095,21263,20739, -1269,   578,  -129,-1314, 499, 3568191,-11828315,197133,47291, 1163,13981,   75
 65972.700,  6096,21265,20711, -1299,   522,   138,-1032, 498, 3568059,-11828175,197137,47293, 1282,14034,   90
 65973.700,  6089,21264,20726, -1307,   538,   195, -790, 499, 3567926,-11828035,197140,47306, 1802,14075,   62
 65974.700,  6083,21263,20743, -1257,   602,   -90, -940, 499, 3567792,-11827898,197149,47317, 2003,14121,   47
 65975.700,  6087,21265,20714, -1240,   575,    -4, -792, 498, 3567656,-11827761,197166,47314, 2067,14224,   58
 65976.700,  6086,21269,20706, -1238,   564,   301, -663, 497, 3567520,-11827627,197172,47325, 2084,14297,   50
 65977.700,  6083,21262,20721, -1224,   584,    59, -992, 498, 3567381,-11827497,197178,47315, 2084,14398,   24
 65978.700,  6086,21263,20693, -1215,   548,   -27, -843, 497, 3567241,-11827368,197188,47312, 2073,14474,   24
 65979.700,  6085,21260,20705, -1222,   545,   183,-1000, 497, 3567099,-11827243,197193,47306, 2086,14589,   14
 65980.700,  6085,21256,20708, -1224,   534,    35, -929, 497, 3566954,-11827121,197203,47297, 2087,14662,    1
 65981.700,  6087,21256,20706, -1222,   515,   117,-1019, 497, 3566808,-11827001,197206,47293, 2084,14784,   -7
 65982.700,  6089,21256,20714, -1219,   510,    -9,-1168, 497, 3566659,-11826886,197211,47287, 2087,14859,  -12
 65983.700,  6091,21257,20718, -1214,   503,   -31,-1008, 497, 3566509,-11826772,197214,47286, 2091,14966,  -12
 65984.700,  6094,21256,20728, -1222,   494,    29,-1112, 496, 3566357,-11826662,197218,47279, 2086,15069,  -11
 65985.700,  6096,21258,20733, -1222,   480,     4,-1151, 496, 3566203,-11826555,197216,47278, 2078,15184,  -15
 65986.700,  6097,21257,20746, -1231,   476,   -57,-1095, 496, 3566049,-11826451,197207,47272, 2075,15263,  -14
 65987.700,  6100,21258,20748, -1235,   459,    33,-1010, 496, 3565891,-11826351,197207,47268, 2080,15379,   -9
 65988.700,  6101,21256,20766, -1235,   466,    19,-1036, 497, 3565733,-11826255,197193,47262, 2084,15454,   -9
 65989.700,  6102,21259,20775, -1226,   466,   -72, -879, 496, 3565572,-11826161,197180,47266, 2085,15573,   -5
 65990.700,  6104,21260,20793, -1218,   476,   -57, -722, 497, 3565411,-11826071,197167,47262, 2084,15660,    1
 65991.700,  6106,21259,20784, -1217,   456,   117, -665, 496, 3565247,-11825984,197154,47257, 2081,15781,    7
 65992.700,  6106,21253,20788, -1253,   436,  -111,-1062, 497, 3565083,-11825901,197141,47244, 2087,15861,    5
 65993.700,  6110,21257,20791, -1244,   434,  -257, -910, 496, 3564916,-11825821,197137,47245, 2083,15982,   26
 65994.700,  6112,21260,20785, -1241,   424,    89, -725, 496, 3564748,-11825746,197134,47248, 2075,16066,   36
 65995.700,  6112,21257,20790, -1228,   430,  -138, -623, 496, 3564579,-11825673,197131,47240, 2066,16184,   45
 65996.700,  6112,21254,20775, -1252,   405,   126, -587, 496, 3564408,-11825605,197128,47234, 2072,16275,   56
 65997.700,  6108,21252,20810, -1266,   435,  -224, -632, 498, 3564238,-11825540,197127,47238, 2085,16385,   50
 65998.700,  6109,21259,20784, -1242,   414,   -81, -650, 497, 3564064,-11825481,197125,47249, 2081,16474,   65
 65999.700,  6110,21256,20771, -1235,   404,   221, -727, 496, 3563890,-11825424,197122,47242, 2060,16586,   69
 66000.700,  6107,21251,20796, -1257,   424,   -15, -957, 498, 3563714,-11825371,197114,47238, 2070,16681,   71
 66001.700,  6106,21251,20790, -1252,   423,   -28,-1039, 497, 3563538,-11825323,197116,47240, 1943,16781,   76
 66002.700,  6103,21251,20785, -1216,   430,    12,-1245, 496, 3563361,-11825279,197116,47247, 1492,16909,   87
 66003.700,  6101,21251,20776, -1235,   422,    11,-1072, 497, 3563184,-11825237,197113,47250, 1109,16988,   92
 66004.700,  6098,21247,20766, -1222,   423,  -144,-1054, 496, 3563009,-11825198,197112,47249,  520,17083,  114
 66005.700,  6095,21245,20759, -1241,   421,  -159,-1143, 498, 3562831,-11825164,197109,47250,  137,17129,  133
 66006.700,  6094,21236,20747, -1271,   413,  -100, -841, 496, 3562650,-11825133,197109,47233, -165,17159,  164
 66007.700,  6086,21235,20772, -1296,   446,  -396, -821, 498, 3562470,-11825103,197127,47249, -224,17157,  163
 66008.700,  6083,21236,20776, -1291,   462,  -859, -807, 498, 3562290,-11825075,197134,47257, -265,17133,  173
 66009.700,  6081,21243,20748, -1298,   450,  -384, -653, 497, 3562111,-11825048,197141,47278, -246,17100,  186
 66010.700,  6070,21237,20774, -1280,   492,  -184, -724, 497, 3561933,-11825020,197147,47288, -212,17075,  154
 66011.700,  6067,21227,20789, -1306,   511,  -856, -595, 499, 3561754,-11824991,197153,47275, -149,17035,  138
 66012.700,  6067,21242,20736, -1280,   473,   -36, -732, 495, 3561574,-11824963,197159,47307, -102,17006,  148
 66013.700,  6053,21222,20815, -1264,   561,  -626, -616, 497, 3561396,-11824931,197170,47294,  -54,16977,   81
 66014.700,  6060,21231,20747, -1285,   492,   -59, -740, 496, 3561217,-11824899,197184,47297,   29,16947,  109
 66015.700,  6049,21214,20803, -1310,   544,  -241, -797, 499, 3561039,-11824867,197200,47285,   77,16925,   49
 66016.700,  6049,21224,20769, -1296,   508,  -600, -700, 497, 3560859,-11824833,197238,47307,  121,16908,   47
 66017.700,  6051,21229,20766, -1280,   501,   -35, -611, 497, 3560679,-11824800,197268,47315,  152,16901,   28
 66018.700,  6048,21227,20803, -1296,   525,  -538, -475, 500, 3560501,-11824768,197282,47314,  192,16896,   -2
 66019.700,  6054,21231,20809, -1275,   523,  -300, -559, 498, 3560323,-11824735,197310,47309,  219,16897,    2
 66020.700,  6058,21223,20801, -1246,   507,  -257, -684, 498, 3560144,-11824703,197331,47283,  123,16910,    1
 66021.700,  6060,21218,20799, -1292,   483,   -91, -654, 498, 3559966,-11824671,197342,47269,  148,16920,    1
 66022.700,  6058,21220,20810, -1293,   480,  -269, -719, 497, 3559789,-11824639,197351,47277,  404,16918,  -15
 66023.700,  6061,21238,20804, -1252,   464,   124, -749, 497, 3559610,-11824607,197360,47311,  641,16921,  -33
 66024.700,  6063,21232,20869, -1248,   516,  -554, -641, 498, 3559431,-11824575,197368,47293,  886,16937,  -43
 66025.700,  6074,21242,20829, -1215,   465,   173, -754, 496, 3559252,-11824543,197377,47289,  962,16988,    7
 66026.700,  6071,21230,20869, -1221,   492,    34, -710, 496, 3559072,-11824513,197384,47271,  911,17025,  -18
 66027.700,  6074,21242,20880, -1195,   491,  -356, -697, 495, 3558892,-11824483,197391,47291,  835,17088,    7
 66028.700,  6079,21251,20908, -1180,   514,   211, -732, 495, 3558711,-11824454,197397,47300,  794,17129,   16
 66029.700,  6079,21244,20942, -1174,   541,  -527, -680, 496, 3558530,-11824427,197402,47284,  729,17191,   36
 66030.700,  6084,21246,20895, -1207,   485,   302, -932, 496, 3558349,-11824403,197408,47276,  682,17228,   56
 66031.700,  6079,21243,20896, -1230,   480,   163, -794, 496, 3558169,-11824382,197409,47280,  642,17272,   51
 66032.700,  6075,21243,20915, -1215,   501,  -172,-1114, 497, 3557988,-11824360,197414,47292,  610,17301,   48
 66033.700,  6077,21249,20903, -1201,   493,   -31, -879, 496, 3557807,-11824341,197417,47300,  546,17347,   78
 66034.700,  6076,21246,20902, -1227,   491,   141, -817, 496, 3557626,-11824322,197423,47295,  511,17378,   82
 66035.700,  6073,21241,20909, -1234,   501,   -44,-1010, 497, 3557444,-11824304,197428,47290,  485,17397,   87
 66036.700,  6072,21245,20895, -1212,   496,    25, -940, 496, 3557262,-11824289,197432,47302,  437,17423,  101
 66037.700,  6069,21247,20910, -1191,   520,    97, -886, 496, 3557081,-11824274,197437,47313,  410,17441,  109
 66038.700,  6065,21243,20933, -1181,   551,   -54, -901, 496, 3556899,-11824259,197443,47314,  381,17464,  110
 66039.700,  6064,21243,20928, -1172,   559,   -87, -712, 496, 3556717,-11824247,197453,47316,  356,17486,  129
 66040.700,  6061,21242,20923, -1168,   564,    -6, -879, 495, 3556536,-11824234,197460,47319,  337,17499,  138
 66041.700,  6056,21240,20916, -1158,   572,   -41, -862, 495, 3556353,-11824222,197476,47327,  308,17517,  145
 66042.700,  6052,21238,20915, -1154,   585,    -7, -749, 495, 3556172,-11824211,197492,47332,  289,17528,  151
 66043.700,  6048,21237,20913, -1149,   600,    23, -888, 495, 3555990,-11824200,197502,47337,  267,17542,  150
 66044.700,  6043,21234,20919, -1137,   620,   -58, -719, 495, 3555809,-11824190,197513,47342,  257,17550,  154
 66045.700,  6038,21229,20925, -1129,   644,   -40, -691, 495, 3555628,-11824181,197535,47342,  233,17565,  160
 66046.700,  6033,21228,20919, -1122,   653,   -62, -828, 495, 3555446,-11824172,197556,47351,  216,17573,  161
 66047.700,  6029,21228,20908, -1108,   661,  -196, -815, 495, 3555264,-11824164,197569,47358,  205,17584,  166
 66048.700,  6023,21223,20910, -1098,   679,  -242, -873, 495, 3555082,-11824156,197591,47362,  199,17591,  168
 66049.700,  6019,21222,20905, -1088,   691,  -331, -866, 495, 3554902,-11824149,197613,47370,  183,17603,  168
 66050.700,  6014,21221,20889, -1071,   695,  -314, -725, 494, 3554720,-11824141,197644,47377,  164,17614,  171
 66051.700,  6008,21217,20882, -1072,   704,  -296, -981, 495, 3554538,-11824133,197703,47381,  155,17621,  167
 66052.700,  6003,21213,20878, -1057,   717,  -445, -942, 494, 3554356,-11824125,197718,47385,  150,17627,  156
 66053.700,  6001,21212,20850, -1051,   704,  -429, -849, 494, 3554175,-11824118,197733,47387,  145,17632,  155
 66054.700,  5996,21209,20857, -1049,   724,  -306, -707, 494, 3553993,-11824111,197748,47393,  135,17640,  150
 66055.700,  5992,21207,20852, -1034,   734,  -289, -887, 494, 3553812,-11824104,197763,47396,  122,17647,  140
 66056.700,  5989,21204,20845, -1023,   739,  -289, -830, 494, 3553630,-11824097,197778,47396,  113,17651,  139
 66057.700,  5986,21206,20838,  -994,   745,  -243, -855, 493, 3553412,-11824091,197798,47408,  109,17658,  132
 66058.700,  5981,21209,20849,  -974,   765,  -297,-1140, 493, 3553236,-11824089,197842,47424,  103,17665,  127
 66059.700,  5980,21205,20847,  -969,   772,  -274, -952, 493, 3553069,-11824080,197880,47419,   91,17675,  127
 66060.700,  5979,21206,20828,  -959,   764,  -216, -954, 492, 3552889,-11824074,197893,47423,   88,17681,  129
 66061.700,  5976,21202,20821,  -952,   766,  -207, -721, 492, 3552710,-11824069,197906,47422,   86,17684,  128
 66062.700,  5973,21201,20817,  -943,   771,  -180, -841, 492, 3552530,-11824063,197918,47426,   78,17688,  123
 66063.700,  5969,21202,20816,  -910,   780,  -284,-1071, 491, 3552351,-11824057,197930,47438,   67,17694,  117
 66064.700,  5967,21203,20808,  -900,   779,  -325, -831, 491, 3552171,-11824051,197942,47444,   62,17701,  118
 66065.700,  5966,21205,20797,  -887,   775,  -218,-1134, 491, 3551992,-11824045,197954,47451,   67,17708,  118
 66066.700,  5961,21202,20798,  -883,   783,  -233, -847, 491, 3551829,-11824040,197961,47455,   66,17712,  110
 66067.700,  5960,21207,20789,  -869,   781,  -311,-1011, 490, 3551533,-11824040,197982,47469,   57,17714,  106
 66068.700,  5959,21207,20770,  -860,   767,  -284, -940, 489, 3551411,-11824038,198041,47470,   49,17717,  106
 66069.700,  5957,21204,20769,  -871,   770,  -185, -802, 490, 3551257,-11824031,198117,47468,   47,17720,   99
 66070.700,  5955,21208,20764,  -852,   768,  -251, -833, 490, 3551089,-11824024,198187,47481,   49,17720,   91
 66071.700,  5954,21209,20754,  -833,   759,  -342,-1152, 489, 3550916,-11824017,198247,47487,   36,17722,   86
 66072.700,  5953,21210,20751,  -834,   758,  -375, -942, 489, 3550741,-11824011,198298,47492,   32,17726,   85
 66073.700,  5952,21210,20750,  -830,   757,  -352, -876, 488, 3550565,-11824005,198343,47495,   37,17728,   84
 66074.700,  5952,21212,20738,  -824,   746,  -346,-1130, 488, 3550388,-11823999,198382,47498,   41,17728,   80
 66075.700,  5949,21212,20742,  -815,   749,  -372, -942, 488, 3550211,-11823994,198417,47505,   28,17727,   76
 66076.700,  5949,21214,20738,  -808,   744,  -377, -996, 488, 3550033,-11823989,198448,47510,   26,17728,   75
 66077.700,  5948,21214,20741,  -801,   745,  -375,-1202, 487, 3549855,-11823983,198477,47511,   31,17728,   69
 66078.700,  5947,21216,20739,  -794,   741,  -432,-1130, 487, 3549677,-11823977,198502,47518,   29,17729,   66
 66079.700,  5949,21217,20732,  -794,   731,  -422, -994, 487, 3549498,-11823972,198526,47517,   26,17729,   67
 66080.700,  5948,21217,20734,  -795,   729,  -396,-1257, 487, 3549320,-11823967,198545,47519,   25,17730,   67
 66081.700,  5947,21218,20737,  -788,   729,  -415, -998, 486, 3549141,-11823961,198566,47524,   27,17731,   66
 66082.700,  5947,21219,20738,  -787,   727,  -507, -960, 486, 3548963,-11823955,198582,47524,   24,17731,   63
 66083.700,  5948,21221,20734,  -782,   719,  -523,-1119, 486, 3548784,-11823950,198597,47526,   18,17730,   64
 66084.700,  5948,21223,20730,  -778,   713,  -516,-1023, 486, 3548605,-11823944,198611,47532,   15,17730,   64
 66085.700,  5948,21224,20732,  -775,   711,  -553, -990, 485, 3548427,-11823939,198623,47534,   15,17730,   65
 66086.700,  5948,21224,20730,  -772,   705,  -547,-1160, 485, 3548247,-11823934,198634,47534,   17,17729,   68
 66087.700,  5948,21225,20728,  -771,   701,  -467,-1161, 485, 3548068,-11823928,198644,47537,   21,17728,   69
 66088.700,  5948,21228,20724,  -764,   693,  -472, -975, 485, 3547889,-11823922,198653,47544,   18,17727,   66
 66089.700,  5947,21230,20724,  -756,   690,  -512,-1031, 484, 3547710,-11823916,198661,47549,   15,17727,   65
 66090.700,  5948,21231,20716,  -754,   678,  -526,-1079, 484, 3547530,-11823911,198668,47551,   10,17727,   66
 66091.700,  5947,21230,20726,  -758,   685,  -496,-1116, 484, 3547351,-11823905,198677,47550,   14,17727,   65
 66092.700,  5948,21233,20721,  -757,   675,  -463,-1196, 484, 3547171,-11823899,198682,47555,   14,17724,   63
 66093.700,  5949,21236,20718,  -753,   668,  -502,-1238, 484, 3546992,-11823893,198687,47560,   10,17722,   63
 66094.700,  5949,21240,20716,  -751,   662,  -496,-1072, 483, 3546813,-11823887,198691,47568,    7,17720,   66
 66095.700,  5948,21240,20717,  -752,   660,  -529,-1287, 483, 3546633,-11823882,198694,47570,    9,17718,   67
 66096.700,  5948,21240,20716,  -754,   655,  -579,-1131, 483, 3546454,-11823876,198697,47571,   14,17715,   64
 66097.700,  5947,21239,20729,  -752,   664,  -656,-1192, 483, 3546274,-11823870,198702,47571,   14,17714,   63
 66098.700,  5948,21241,20726,  -752,   657,  -668,-1143, 483, 3546094,-11823864,198704,47571,   12,17712,   70
 66099.700,  5949,21241,20727,  -753,   655,  -608,-1065, 483, 3545915,-11823857,198706,47569,   11,17712,   72
 66100.700,  5948,21238,20741,  -759,   665,  -566,-1160, 484, 3545734,-11823851,198708,47565,   15,17710,   71
 66101.700,  5948,21236,20747,  -761,   668,  -555,-1339, 484, 3545555,-11823844,198708,47561,   16,17708,   72
 66102.700,  5949,21237,20743,  -760,   662,  -511,-1163, 483, 3545375,-11823838,198710,47562,   13,17705,   74
 66103.700,  5948,21237,20748,  -758,   664,  -510,-1285, 484, 3545195,-11823832,198709,47564,    7,17704,   74
 66104.700,  5949,21235,20755,  -761,   669,  -590,-1130, 484, 3545015,-11823825,198709,47557,    8,17703,   78
 66105.700,  5949,21232,20758,  -772,   670,  -564,-1036, 484, 3544835,-11823819,198710,47551,    9,17701,   85
 66106.700,  5948,21228,20766,  -783,   678,  -511,-1192, 485, 3544655,-11823812,198711,47544,   18,17699,   88
 66107.700,  5947,21228,20766,  -782,   678,  -515,-1103, 485, 3544475,-11823806,198712,47546,   16,17695,   90
 66108.700,  5946,21228,20766,  -777,   679,  -527,-1105, 485, 3544294,-11823799,198713,47547,   12,17694,   91
 66109.700,  5945,21228,20764,  -773,   679,  -526,-1129, 485, 3544114,-11823793,198716,47551,    8,17694,   93
 66110.700,  5943,21226,20766,  -775,   681,  -555,-1165, 485, 3543934,-11823786,198720,47550,   12,17693,   92
 66111.700,  5942,21225,20765,  -784,   680,  -550,-1155, 485, 3543754,-11823779,198723,47550,   17,17691,   89
 66112.700,  5942,21224,20765,  -784,   681,  -543,-1309, 485, 3543574,-11823772,198728,47549,   20,17688,   88
