flight/ER2/SEAC4RS-MMS-1HZ_ER2_20130823_RA.ict
49, 1001                                                                                                                                                                                                
Bui, T. Paul                                                                                                                                                                                            
NASA Ames Research Center                                                                                                                                                                               
MMS - Meteorological Measurement System                                                                                                                                                                 
SEAC4RS                                                                                                                                                                                                 
1, 1                                                                                                                                                                                                    
2013, 08, 23, 2013, 08, 23                                                                                                                                                                              
-1                                                                                                                                                                                                      
TIME_UTC, seconds, elapsed time from 0000 UTC                                                                                                                                                           
15                                                                                                                                                                                                      
0.01, 0.01, 0.01, 0.01, 0.01, 0.001, 0.01, 0.01, 0.00001, 0.00001, 0.1, 0.01, 0.01, 0.01, 0.01                                                                                                          
-99999, -9999, -9999, -99999, -99999, -99999, -9999, -999, -9999999, -99999999, -99999, -9999, -9999, -9999, -9999                                                                                      
P, hPa, Static Pressure                                                                                                                                                                                 
T, K, Static Temperature                                                                                                                                                                                
TAS, m/s, True Air Speed                                                                                                                                                                                
U, m/s, E-W Horizontal Wind Speed                                                                                                                                                                       
[...]
DM_CONTACT_INFO: Jon Dean-Day, Bay Area Environmental Research Institute, 596 First St.                                                                                                                 
West, Sonoma, CA, 95476; email: jonathan.m.dean-day@nasa.gov                                                                                                                                            
PROJECT_INFO: SEAC4RS mission August 1 - September 30, 2013; Houston, TX                                                                                                                                
OTHER_COMMENTS:                                                                                                                                                                                         
..\cv\e_130823.cva                                                                                                                                                                                      
REVISION: RA                                                                                                                                                                                            
RA: Preliminary FIELD DATA, Not funded for 3D Winds                                                                                                                                                     
TIME_UTC, P, T, TAS, U, V, W, TEDR, REYN, G_LAT, G_LONG, G_ALT, POT, ROLL, HDG, PITCH                                                                                                                   
[from data line 10286]
 63858.700,  7338,20506,20034,-99999,-99999,-99999,-9999,-999, 3333292, -9186511,185283,43251,   39, 9421,    8
 63859.700,  7336,20503,20030,-99999,-99999,-99999,-9999,-999, 3333281, -9186302,185286,43249,   44, 9421,    4
 63860.700,  7337,20502,20036,-99999,-99999,-99999,-9999,-999, 3333271, -9186093,185287,43246,   49, 9418,   -2
 63861.700,  7337,20503,20037,-99999,-99999,-99999,-9999,-999, 3333260, -9185883,185288,43247,   44, 9417,   -7
 63862.700,  7337,20502,20052,-99999,-99999,-99999,-9999,-999, 3333249, -9185673,185289,43245,   37, 9421,   -8
 63863.700,  7339,20504,20032,-99999,-99999,-99999,-9999,-999, 3333238, -9185463,185290,43245,   50, 9425,   -9
 63864.700,  7338,20504,20048,-99999,-99999,-99999,-9999,-999, 3333227, -9185254,185291,43247,   49, 9428,  -11
 63865.700,  7340,20501,20042,-99999,-99999,-99999,-9999,-999, 3333216, -9185044,185292,43237,   46, 9427,   -9
 63866.700,  7342,20507,20042,-99999,-99999,-99999,-9999,-999, 3333205, -9184835,185292,43247,   46, 9428,   -5
 63867.700,  7343,20503,20059,-99999,-99999,-99999,-9999,-999, 3333195, -9184625,185292,43237,   51, 9430,    1
 63868.700,  7345,20512,20065,-99999,-99999,-99999,-9999,-999, 3333184, -9184416,185293,43252,   51, 9430,    5
 63869.700,  7344,20509,20072,-99999,-99999,-99999,-9999,-999, 3333173, -9184206,185292,43247,   41, 9434,   11
 63870.700,  7344,20511,20053,-99999,-99999,-99999,-9999,-999, 3333162, -9183996,185292,43253,   32, 9433,   17
 63871.700,  7343,20516,20082,-99999,-99999,-99999,-9999,-999, 3333151, -9183786,185293,43263,   38, 9433,   19
 63872.700,  7341,20512,20096,-99999,-99999,-99999,-9999,-999, 3333141, -9183576,185293,43259,   45, 9427,   20
 63873.700,  7339,20513,20120,-99999,-99999,-99999,-9999,-999, 3333130, -9183367,185302,43265,   42, 9421,   17
 63874.700,  7338,20516,20137,-99999,-99999,-99999,-9999,-999, 3333120, -9183157,185309,43272,   41, 9417,   17
 63875.700,  7337,20517,20160,-99999,-99999,-99999,-9999,-999, 3333109, -9182947,185317,43277,   39, 9414,   12
 63876.700,  7335,20515,20166,-99999,-99999,-99999,-9999,-999, 3333098, -9182737,185324,43276,   34, 9413,   12
 63877.700,  7334,20515,20171,-99999,-99999,-99999,-9999,-999, 3333088, -9182527,185325,43278,   39, 9413,    8
 63878.700,  7333,20522,20175,-99999,-99999,-99999,-9999,-999, 3333077, -9182318,185332,43295,   50, 9415,    1
 63879.700,  7333,20519,20166,-99999,-99999,-99999,-9999,-999, 3333066, -9182108,185338,43288,   52, 9415,   -5
 63880.700,  7331,20521,20196,-99999,-99999,-99999,-9999,-999, 3333056, -9181898,185339,43294,   40, 9413,  -14
 63881.700,  7331,20525,20218,-99999,-99999,-99999,-9999,-999, 3333045, -9181688,185346,43303,   36, 9412,  -17
 63882.700,  7333,20529,20231,-99999,-99999,-99999,-9999,-999, 3333034, -9181478,185351,43308,   36, 9408,  -14
 63883.700,  7333,20528,20228,-99999,-99999,-99999,-9999,-999, 3333023, -9181269,185352,43305,   38, 9406,  -11
 63884.700,  7334,20530,20238,-99999,-99999,-99999,-9999,-999, 3333012, -9181059,185356,43310,   44, 9407,   -8
 63885.700,  7335,20527,20213,-99999,-99999,-99999,-9999,-999, 3333001, -9180849,185360,43302,   53, 9407,   -7
 63886.700,  7333,20547,20260,-99999,-99999,-99999,-9999,-999, 3332990, -9180639,185364,43348,   65, 9408,  -10
 63887.700,  7330,20542,20304,-99999,-99999,-99999,-9999,-999, 3332980, -9180429,185368,43341,   43, 9412,  -13
 63888.700,  7332,20533,20266,-99999,-99999,-99999,-9999,-999, 3332969, -9180219,185372,43320,   33, 9414,  -14
 63889.700,  7330,20538,20281,-99999,-99999,-99999,-9999,-999, 3332958, -9180009,185375,43332,   49, 9410,  -22
 63890.700,  7331,20540,20304,-99999,-99999,-99999,-9999,-999, 3332947, -9179798,185374,43334,   43, 9410,  -27
 63891.700,  7331,20542,20319,-99999,-99999,-99999,-9999,-999, 3332936, -9179589,185377,43338,   37, 9411,  -28
 63892.700,  7332,20543,20319,-99999,-99999,-99999,-9999,-999, 3332925, -9179378,185374,43339,   33, 9410,  -24
 63893.700,  7333,20544,20319,-99999,-99999,-99999,-9999,-999, 3332914, -9179168,185375,43341,   31, 9408,  -23
 63894.700,  7334,20555,20326,-99999,-99999,-99999,-9999,-999, 3332903, -9178958,185374,43362,   40, 9406,  -19
 63895.700,  7332,20554,20349,-99999,-99999,-99999,-9999,-999, 3332892, -9178748,185373,43362,   35, 9408,  -21
 63896.700,  7335,20540,20324,-99999,-99999,-99999,-9999,-999, 3332880, -9178537,185373,43329,   32, 9410,  -14
 63897.700,  7337,20538,20292,-99999,-99999,-99999,-9999,-999, 3332869, -9178327,185373,43320,   51, 9412,  -10
 63898.700,  7334,20535,20299,-99999,-99999,-99999,-9999,-999, 3332858, -9178116,185372,43320,   55, 9417,   -7
 63899.700,  7334,20530,20284,-99999,-99999,-99999,-9999,-999, 3332847, -9177906,185372,43310,   53, 9421,   -3
 63900.700,  7333,20532,20294,-99999,-99999,-99999,-9999,-999, 3332836, -9177696,185372,43314,   44, 9426,   -8
 63901.700,  7333,20536,20309,-99999,-99999,-99999,-9999,-999, 3332825, -9177485,185373,43323,   47, 9426,   -8
 63902.700,  7331,20539,20349,-99999,-99999,-99999,-9999,-999, 3332814, -9177275,185372,43333,   48, 9423,   -9
 63903.700,  7330,20524,20326,-99999,-99999,-99999,-9999,-999, 3332803, -9177063,185371,43301,   47, 9419,  -13
 63904.700,  7330,20522,20311,-99999,-99999,-99999,-9999,-999, 3332792, -9176853,185369,43300,   49, 9419,  -18
 63905.700,  7329,20528,20325,-99999,-99999,-99999,-9999,-999, 3332781, -9176642,185369,43313,   32, 9426,  -28
 63906.700,  7330,20523,20314,-99999,-99999,-99999,-9999,-999, 3332770, -9176432,185368,43300,   46, 9429,  -25
 63907.700,  7331,20530,20328,-99999,-99999,-99999,-9999,-999, 3332759, -9176221,185368,43314,   49, 9427,  -26
 63908.700,  7333,20531,20352,-99999,-99999,-99999,-9999,-999, 3332748, -9176010,185367,43312,   42, 9424,  -25
 63909.700,  7334,20538,20359,-99999,-99999,-99999,-9999,-999, 3332737, -9175799,185364,43326,   40, 9423,  -20
 63910.700,  7334,20550,20377,-99999,-99999,-99999,-9999,-999, 3332726, -9175588,185362,43350,   43, 9424,  -13
 63911.700,  7334,20554,20409,-99999,-99999,-99999,-9999,-999, 3332715, -9175378,185357,43360,   41, 9424,  -11
 63912.700,  7334,20557,20418,-99999,-99999,-99999,-9999,-999, 3332703, -9175167,185353,43366,   37, 9428,  -13
 63913.700,  7333,20551,20404,-99999,-99999,-99999,-9999,-999, 3332692, -9174955,185350,43356,   39, 9432,   -9
 63914.700,  7331,20541,20379,-99999,-99999,-99999,-9999,-999, 3332681, -9174745,185349,43337,   46, 9429,   -7
 63915.700,  7330,20530,20347,-99999,-99999,-99999,-9999,-999, 3332670, -9174533,185348,43315,   48, 9425,  -11
 63916.700,  7330,20537,20351,-99999,-99999,-99999,-9999,-999, 3332658, -9174323,185348,43330,   39, 9423,  -17
 63917.700,  7329,20543,20382,-99999,-99999,-99999,-9999,-999, 3332647, -9174111,185349,43345,   35, 9423,  -19
 63918.700,  7330,20553,20402,-99999,-99999,-99999,-9999,-999, 3332636, -9173900,185348,43364,   49, 9421,  -21
 63919.700,  7333,20566,20384,-99999,-99999,-99999,-9999,-999, 3332625, -9173690,185347,43387,   48, 9419,  -25
 63920.700,  7333,20563,20388,-99999,-99999,-99999,-9999,-999, 3332614, -9173478,185346,43380,   39, 9424,  -22
 63921.700,  7335,20564,20389,-99999,-99999,-99999,-9999,-999, 3332603, -9173267,185344,43378,   42, 9429,  -18
 63922.700,  7336,20568,20379,-99999,-99999,-99999,-9999,-999, 3332592, -9173056,185342,43385,   52, 9431,  -15
 63923.700,  7334,20570,20381,-99999,-99999,-99999,-9999,-999, 3332581, -9172845,185341,43393,   53, 9434,  -16
 63924.700,  7335,20575,20360,-99999,-99999,-99999,-9999,-999, 3332570, -9172634,185339,43401,   36, 9437,  -12
 63925.700,  7336,20578,20351,-99999,-99999,-99999,-9999,-999, 3332558, -9172422,185337,43406,   28, 9439,  -12
 63926.700,  7337,20575,20369,-99999,-99999,-99999,-9999,-999, 3332547, -9172211,185336,43399,   32, 9439,  -11
 63927.700,  7336,20573,20386,-99999,-99999,-99999,-9999,-999, 3332536, -9172000,185335,43395,   39, 9439,   -8
 63928.700,  7335,20564,20418,-99999,-99999,-99999,-9999,-999, 3332525, -9171788,185334,43379,   42, 9439,   -9
 63929.700,  7335,20565,20412,-99999,-99999,-99999,-9999,-999, 3332513, -9171577,185334,43382,   46, 9435,  -10
 63930.700,  7334,20556,20428,-99999,-99999,-99999,-9999,-999, 3332502, -9171366,185335,43365,   46, 9434,  -14
 63931.700,  7331,20552,20429,-99999,-99999,-99999,-9999,-999, 3332491, -9171154,185337,43361,   47, 9434,  -19
 63932.700,  7330,20550,20418,-99999,-99999,-99999,-9999,-999, 3332480, -9170942,185339,43358,   48, 9435,  -22
 63933.700,  7327,20549,20432,-99999,-99999,-99999,-9999,-999, 3332468, -9170731,185341,43361,   41, 9433,  -34
 63934.700,  7327,20553,20444,-99999,-99999,-99999,-9999,-999, 3332457, -9170519,185344,43369,   37, 9430,  -41
 63935.700,  7329,20559,20459,-99999,-99999,-99999,-9999,-999, 3332446, -9170308,185346,43378,   35, 9428,  -46
 63936.700,  7331,20565,20444,-99999,-99999,-99999,-9999,-999, 3332435, -9170096,185347,43388,   34, 9432,  -42
 63937.700,  7333,20569,20431,-99999,-99999,-99999,-9999,-999, 3332423, -9169885,185347,43393,   45, 9437,  -39
 63938.700,  7334,20571,20429,-99999,-99999,-99999,-9999,-999, 3332412, -9169673,185345,43395,   48, 9438,  -37
 63939.700,  7334,20572,20434,-99999,-99999,-99999,-9999,-999, 3332401, -9169461,185343,43397,   36, 9438,  -35
 63940.700,  7337,20573,20444,-99999,-99999,-99999,-9999,-999, 3332389, -9169249,185340,43395,   39, 9438,  -30
 63941.700,  7337,20572,20457,-99999,-99999,-99999,-9999,-999, 3332378, -9169037,185337,43391,   46, 9439,  -25
 63942.700,  7337,20569,20479,-99999,-99999,-99999,-9999,-999, 3332367, -9168825,185334,43387,   48, 9442,  -23
 63943.700,  7335,20564,20505,-99999,-99999,-99999,-9999,-999, 3332355, -9168614,185333,43377,   51, 9445,  -20
 63944.700,  7335,20565,20502,-99999,-99999,-99999,-9999,-999, 3332344, -9168402,185332,43381,   45, 9444,  -19
 63945.700,  7333,20568,20486,-99999,-99999,-99999,-9999,-999, 3332332, -9168189,185332,43390,   38, 9442,  -20
 63946.700,  7332,20568,20482,-99999,-99999,-99999,-9999,-999, 3332321, -9167977,185333,43392,   38, 9444,  -22
 63947.700,  7332,20568,20483,-99999,-99999,-99999,-9999,-999, 3332310, -9167765,185334,43393,   39, 9445,  -24
 63948.700,  7331,20570,20472,-99999,-99999,-99999,-9999,-999, 3332299, -9167552,185336,43398,   44, 9443,  -26
 63949.700,  7332,20574,20454,-99999,-99999,-99999,-9999,-999, 3332287, -9167340,185337,43405,   37, 9442,  -29
 63950.700,  7333,20572,20466,-99999,-99999,-99999,-9999,-999, 3332276, -9167128,185339,43400,   34, 9442,  -28
 63951.700,  7333,20570,20476,-99999,-99999,-99999,-9999,-999, 3332264, -9166916,185340,43396,   45, 9443,  -26
 63952.700,  7331,20568,20485,-99999,-99999,-99999,-9999,-999, 3332253, -9166703,185341,43394,   52, 9442,  -29
 63953.700,  7333,20570,20474,-99999,-99999,-99999,-9999,-999, 3332242, -9166491,185340,43395,   41, 9442,  -30
 63954.700,  7333,20569,20484,-99999,-99999,-99999,-9999,-999, 3332230, -9166278,185340,43392,   39, 9442,  -30
 63955.700,  7332,20568,20484,-99999,-99999,-99999,-9999,-999, 3332219, -9166066,185340,43392,   45, 9440,  -30
 63956.700,  7332,20574,20457,-99999,-99999,-99999,-9999,-999, 3332207, -9165853,185341,43405,   44, 9439,  -32
 63957.700,  7332,20575,20470,-99999,-99999,-99999,-9999,-999, 3332196, -9165641,185341,43406,   34, 9443,  -36
 63958.700,  7335,20580,20457,-99999,-99999,-99999,-9999,-999, 3332184, -9165428,185341,43413,   36, 9448,  -32
 63959.700,  7335,20579,20463,-99999,-99999,-99999,-9999,-999, 3332173, -9165216,185339,43411,   38, 9450,  -34
 63960.700,  7336,20578,20484,-99999,-99999,-99999,-9999,-999, 3332161, -9165003,185339,43406,   42, 9448,  -34
 63961.700,  7337,20583,20470,-99999,-99999,-99999,-9999,-999, 3332150, -9164791,185336,43416,   41, 9449,  -30
 63962.700,  7338,20586,20475,-99999,-99999,-99999,-9999,-999, 3332138, -9164578,185333,43419,   37, 9452,  -27
 63963.700,  7339,20585,20479,-99999,-99999,-99999,-9999,-999, 3332127, -9164365,185333,43416,   37, 9458,  -23
 63964.700,  7340,20583,20486,-99999,-99999,-99999,-9999,-999, 3332115, -9164152,185332,43412,   44, 9460,  -21
 63965.700,  7336,20578,20499,-99999,-99999,-99999,-9999,-999, 3332104, -9163939,185331,43407,   50, 9460,  -20
 63966.700,  7335,20579,20508,-99999,-99999,-99999,-9999,-999, 3332092, -9163726,185332,43409,   49, 9457,  -21
 63967.700,  7333,20581,20514,-99999,-99999,-99999,-9999,-999, 3332081, -9163513,185332,43418,   44, 9456,  -26
 63968.700,  7334,20588,20478,-99999,-99999,-99999,-9999,-999, 3332069, -9163300,185334,43431,   35, 9459,  -28
 63969.700,  7334,20588,20480,-99999,-99999,-99999,-9999,-999, 3332058, -9163087,185335,43431,   36, 9461,  -31
 63970.700,  7334,20588,20482,-99999,-99999,-99999,-9999,-999, 3332047, -9162874,185337,43430,   36, 9460,  -31
 63971.700,  7335,20589,20483,-99999,-99999,-99999,-9999,-999, 3332035, -9162660,185337,43431,   32, 9458,  -31
 63972.700,  7335,20591,20468,-99999,-99999,-99999,-9999,-999, 3332024, -9162448,185338,43435,   33, 9457,  -29
 63973.700,  7338,20599,20433,-99999,-99999,-99999,-9999,-999, 3332012, -9162234,185339,43448,   48, 9459,  -27
 63974.700,  7335,20596,20447,-99999,-99999,-99999,-9999,-999, 3332000, -9162021,185338,43445,   48, 9459,  -32
 63975.700,  7336,20595,20458,-99999,-99999,-99999,-9999,-999, 3331989, -9161807,185338,43444,   46, 9460,  -33
 63976.700,  7335,20593,20471,-99999,-99999,-99999,-9999,-999, 3331977, -9161594,185338,43440,   43, 9461,  -35
 63977.700,  7334,20593,20483,-99999,-99999,-99999,-9999,-999, 3331966, -9161381,185337,43442,   41, 9462,  -33
 63978.700,  7335,20594,20491,-99999,-99999,-99999,-9999,-999, 3331954, -9161167,185337,43443,   40, 9464,  -34
 63979.700,  7335,20595,20496,-99999,-99999,-99999,-9999,-999, 3331942, -9160954,185336,43445,   38, 9467,  -34
 63980.700,  7334,20592,20521,-99999,-99999,-99999,-9999,-999, 3331931, -9160740,185336,43439,   36, 9469,  -35
 63981.700,  7336,20593,20512,-99999,-99999,-99999,-9999,-999, 3331920, -9160527,185336,43437,   37, 9471,  -31
 63982.700,  7336,20591,20520,-99999,-99999,-99999,-9999,-999, 3331908, -9160313,185337,43434,   43, 9470,  -28
 63983.700,  7333,20587,20532,-99999,-99999,-99999,-9999,-999, 3331896, -9160099,185336,43431,   46, 9466,  -28
 63984.700,  7332,20588,20536,-99999,-99999,-99999,-9999,-999, 3331885, -9159886,185335,43434,   48, 9463,  -32
 63985.700,  7331,20587,20549,-99999,-99999,-99999,-9999,-999, 3331873, -9159671,185334,43433,   44, 9463,  -33
 63986.700,  7333,20590,20530,-99999,-99999,-99999,-9999,-999, 3331862, -9159458,185334,43437,   40, 9464,  -32
 63987.700,  7332,20591,20537,-99999,-99999,-99999,-9999,-999, 3331850, -9159243,185332,43441,   36, 9464,  -34
 63988.700,  7333,20591,20546,-99999,-99999,-99999,-9999,-999, 3331838, -9159030,185331,43438,   35, 9464,  -36
 63989.700,  7333,20591,20547,-99999,-99999,-99999,-9999,-999, 3331827, -9158815,185330,43440,   34, 9462,  -38
 63990.700,  7333,20591,20551,-99999,-99999,-99999,-9999,-999, 3331815, -9158602,185329,43439,   39, 9463,  -37
 63991.700,  7335,20589,20554,-99999,-99999,-99999,-9999,-999, 3331804, -9158387,185328,43433,   42, 9463,  -36
 63992.700,  7334,20586,20568,-99999,-99999,-99999,-9999,-999, 3331792, -9158174,185326,43426,   41, 9461,  -36
 63993.700,  7335,20585,20574,-99999,-99999,-99999,-9999,-999, 3331780, -9157959,185325,43424,   43, 9456,  -34
 63994.700,  7336,20588,20568,-99999,-99999,-99999,-9999,-999, 3331769, -9157745,185323,43427,   39, 9453,  -33
 63995.700,  7338,20591,20555,-99999,-99999,-99999,-9999,-999, 3331757, -9157530,185321,43431,   38, 9455,  -26
 63996.700,  7338,20590,20558,-99999,-99999,-99999,-9999,-999, 3331745, -9157316,185320,43430,   38, 9457,  -26
 63997.700,  7339,20594,20549,-99999,-99999,-99999,-9999,-999, 3331733, -9157102,185319,43435,   45, 9459,  -22
 63998.700,  7337,20593,20559,-99999,-99999,-99999,-9999,-999, 3331722, -9156887,185318,43437,   43, 9461,  -25
 63999.700,  7335,20592,20565,-99999,-99999,-99999,-9999,-999, 3331710, -9156673,185318,43438,   38, 9464,  -28
