flight/ER2/SEAC4RS-MMS-1HZ_ER2_20130808_RA.ict
49, 1001                                                                                                                                                                                                
Bui, T. Paul                                                                                                                                                                                            
NASA Ames Research Center                                                                                                                                                                               
MMS - Meteorological Measurement System                                                                                                                                                                 
SEAC4RS                                                                                                                                                                                                 
1, 1                                                                                                                                                                                                    
2013, 08, 08, 2013, 08, 08                                                                                                                                                                              
-1                                                                                                                                                                                                      
TIME_UTC, seconds, elapsed time from 0000 UTC                                                                                                                                                           
15                                                                                                                                                                                                      
0.01, 0.01, 0.01, 0.01, 0.01, 0.001, 0.01, 0.01, 0.00001, 0.00001, 0.1, 0.01, 0.01, 0.01, 0.01                                                                                                          
-99999, -9999, -9999, -99999, -99999, -99999, -9999, -999, -9999999, -99999999, -99999, -9999, -9999, -9999, -9999                                                                                      
P, hPa, Static Pressure                                                                                                                                                                                 
T, K, Static Temperature                                                                                                                                                                                
TAS, m/s, True Air Speed                                                                                                                                                                                
U, m/s, E-W Horizontal Wind Speed                                                                                                                                                                       
[...]
DM_CONTACT_INFO: Jon Dean-Day, Bay Area Environmental Research Institute, 596 First St.                                                                                                                 
West, Sonoma, CA, 95476; email: jonathan.m.dean-day@nasa.gov                                                                                                                                            
PROJECT_INFO: SEAC4RS mission August 1 - September 30, 2013; Houston, TX                                                                                                                                
OTHER_COMMENTS:                                                                                                                                                                                         
..\cv\e_130808.cva                                                                                                                                                                                      
REVISION: RA                                                                                                                                                                                            
RA: FIELD DATA                                                                                                                                                                                          
TIME_UTC, P, T, TAS, U, V, W, TEDR, REYN, G_LAT, G_LONG, G_ALT, POT, ROLL, HDG, PITCH                                                                                                                   
[from data line 17143]
 77150.650,  5916,21193,20632,-99999,-99999,-99999, 2854,-999, 3389317, -9761831,199096,47538,   64,10753,   75
 77151.650,  5917,21193,20618,-99999,-99999,-99999, 2852,-999, 3389267, -9761624,199098,47535,  325,10746,   71
 77152.650,  5913,21188,20630,-99999,-99999,-99999, 2852,-999, 3389216, -9761417,199100,47533,  633,10745,   51
 77153.650,  5911,21187,20628,-99999,-99999,-99999, 2851,-999, 3389166, -9761210,199103,47535,  733,10755,   37
 77154.650,  5911,21187,20625,-99999,-99999,-99999, 2849,-999, 3389116, -9761003,199107,47536,  699,10785,   21
 77155.650,  5911,21187,20624,-99999,-99999,-99999, 2849,-999, 3389064, -9760797,199109,47535,  661,10812,   17
 77156.650,  5915,21189,20614,-99999,-99999,-99999, 2845,-999, 3389012, -9760591,199112,47533,  621,10854,   14
 77157.650,  5916,21190,20614,-99999,-99999,-99999, 2847,-999, 3388960, -9760385,199112,47531,  578,10897,   11
 77158.650,  5917,21191,20613,-99999,-99999,-99999, 2852,-999, 3388906, -9760179,199112,47530,  550,10933,   16
 77159.650,  5921,21194,20598,-99999,-99999,-99999, 2854,-999, 3388851, -9759973,199110,47529,  525,10977,   23
 77160.650,  5922,21195,20590,-99999,-99999,-99999, 2849,-999, 3388796, -9759768,199108,47530,  508,11016,   33
 77161.650,  5922,21194,20597,-99999,-99999,-99999, 2852,-999, 3388739, -9759564,199105,47527,  481,11047,   41
 77162.650,  5922,21195,20592,-99999,-99999,-99999, 2851,-999, 3388683, -9759359,199103,47528,  442,11083,   50
 77163.650,  5924,21197,20577,-99999,-99999,-99999, 2847,-999, 3388625, -9759155,199101,47530,  421,11105,   59
 77164.650,  5922,21198,20572,-99999,-99999,-99999, 2850,-999, 3388567, -9758951,199100,47537,  395,11131,   69
 77165.650,  5922,21203,20550,-99999,-99999,-99999, 2849,-999, 3388508, -9758747,199100,47548,  369,11153,   79
 77166.650,  5921,21206,20535,-99999,-99999,-99999, 2851,-999, 3388448, -9758544,199101,47555,  350,11167,   84
 77167.650,  5919,21206,20528,-99999,-99999,-99999, 2854,-999, 3388388, -9758341,199104,47560,  333,11179,   90
 77168.650,  5916,21207,20514,-99999,-99999,-99999, 2849,-999, 3388327, -9758139,199108,47568,  309,11192,   89
 77169.650,  5913,21208,20502,-99999,-99999,-99999, 2845,-999, 3388266, -9757936,199113,47577,  290,11199,   86
 77170.650,  5912,21209,20483,-99999,-99999,-99999, 2854,-999, 3388205, -9757734,199119,47584,  285,11208,   81
 77171.650,  5909,21208,20477,-99999,-99999,-99999, 2847,-999, 3388142, -9757533,199127,47587,  284,11215,   71
 77172.650,  5909,21211,20458,-99999,-99999,-99999, 2851,-999, 3388080, -9757331,199135,47594,  271,11221,   62
 77173.650,  5907,21210,20456,-99999,-99999,-99999, 2847,-999, 3388017, -9757130,199143,47596,  253,11230,   47
 77174.650,  5906,21207,20464,-99999,-99999,-99999, 2851,-999, 3387954, -9756928,199151,47592,  241,11237,   38
 77175.650,  5909,21209,20453,-99999,-99999,-99999, 2847,-999, 3387891, -9756728,199157,47592,  234,11243,   34
 77176.650,  5910,21212,20446,-99999,-99999,-99999, 2847,-999, 3387827, -9756527,199163,47595,  226,11252,   30
 77177.650,  5911,21211,20452,-99999,-99999,-99999, 2849,-999, 3387764, -9756327,199167,47591,  218,11257,   28
 77178.650,  5913,21211,20451,-99999,-99999,-99999, 2850,-999, 3387700, -9756126,199171,47587,  207,11266,   32
 77179.650,  5915,21211,20450,-99999,-99999,-99999, 2848,-999, 3387635, -9755925,199174,47581,  194,11276,   36
 77180.650,  5917,21212,20443,-99999,-99999,-99999, 2849,-999, 3387570, -9755725,199174,47577,  187,11283,   40
 77181.650,  5917,21210,20455,-99999,-99999,-99999, 2851,-999, 3387505, -9755525,199173,47574,  182,11291,   49
 77182.650,  5917,21209,20452,-99999,-99999,-99999, 2847,-999, 3387440, -9755325,199172,47570,  182,11299,   57
 77183.650,  5918,21207,20458,-99999,-99999,-99999, 2853,-999, 3387375, -9755125,199170,47565,  175,11307,   59
 77184.650,  5917,21207,20457,-99999,-99999,-99999, 2845,-999, 3387309, -9754925,199168,47567,  163,11315,   59
 77185.650,  5917,21209,20452,-99999,-99999,-99999, 2847,-999, 3387243, -9754725,199168,47571,  150,11324,   65
 77186.650,  5918,21210,20445,-99999,-99999,-99999, 2847,-999, 3387177, -9754525,199167,47572,  148,11328,   68
 77187.650,  5915,21207,20462,-99999,-99999,-99999, 2853,-999, 3387110, -9754326,199167,47571,  145,11332,   65
 77188.650,  5915,21208,20460,-99999,-99999,-99999, 2851,-999, 3387043, -9754126,199168,47574,  128,11336,   61
 77189.650,  5915,21209,20461,-99999,-99999,-99999, 2850,-999, 3386977, -9753927,199168,47576,  122,11341,   60
 77190.650,  5914,21209,20466,-99999,-99999,-99999, 2849,-999, 3386910, -9753728,199170,47579,  121,11346,   55
 77191.650,  5913,21212,20453,-99999,-99999,-99999, 2850,-999, 3386842, -9753529,199173,47589,  123,11349,   49
 77192.650,  5913,21215,20444,-99999,-99999,-99999, 2849,-999, 3386775, -9753330,199176,47593,  118,11352,   47
 77193.650,  5913,21219,20435,-99999,-99999,-99999, 2847,-999, 3386708, -9753131,199178,47602,  117,11360,   46
 77194.650,  5913,21223,20439,-99999,-99999,-99999, 2849,-999, 3386641, -9752932,199179,47612,  118,11366,   44
 77195.650,  5915,21222,20440,-99999,-99999,-99999, 2850,-999, 3386573, -9752733,199179,47606,  112,11375,   42
 77196.650,  5915,21217,20457,-99999,-99999,-99999, 2847,-999, 3386506, -9752535,199179,47593,  106,11380,   42
 77197.650,  5916,21212,20477,-99999,-99999,-99999, 2849,-999, 3386438, -9752336,199178,47578,   99,11383,   42
 77198.650,  5917,21210,20485,-99999,-99999,-99999, 2846,-999, 3386370, -9752137,199176,47572,   90,11387,   46
 77199.650,  5918,21208,20496,-99999,-99999,-99999, 2848,-999, 3386302, -9751939,199173,47566,   87,11390,   50
 77200.650,  5919,21205,20505,-99999,-99999,-99999, 2845,-999, 3386233, -9751740,199167,47559,   85,11394,   57
 77201.650,  5920,21205,20506,-99999,-99999,-99999, 2846,-999, 3386165, -9751541,199164,47555,   85,11400,   61
 77202.650,  5921,21202,20513,-99999,-99999,-99999, 2846,-999, 3386097, -9751343,199160,47546,   86,11403,   63
 77203.650,  5921,21197,20528,-99999,-99999,-99999, 2846,-999, 3386028, -9751145,199156,47536,   82,11411,   64
 77204.650,  5920,21192,20535,-99999,-99999,-99999, 2850,-999, 3385960, -9750946,199152,47527,   82,11415,   67
 77205.650,  5921,21189,20538,-99999,-99999,-99999, 2847,-999, 3385891, -9750748,199149,47517,   82,11421,   70
 77206.650,  5921,21182,20549,-99999,-99999,-99999, 2847,-999, 3385823, -9750550,199145,47503,   77,11428,   70
 77207.650,  5921,21175,20556,-99999,-99999,-99999, 2846,-999, 3385754, -9750352,199141,47486,   74,11434,   70
 77208.650,  5921,21170,20564,-99999,-99999,-99999, 2849,-999, 3385685, -9750154,199136,47476,   69,11441,   70
 77209.650,  5920,21168,20562,-99999,-99999,-99999, 2846,-999, 3385616, -9749955,199133,47473,   68,11443,   70
 77210.650,  5920,21167,20546,-99999,-99999,-99999, 2847,-999, 3385547, -9749758,199131,47471,   68,11442,   69
 77211.650,  5920,21165,20546,-99999,-99999,-99999, 2845,-999, 3385478, -9749560,199132,47467,   65,11441,   66
 77212.650,  5919,21164,20540,-99999,-99999,-99999, 2844,-999, 3385408, -9749362,199132,47466,   59,11443,   67
 77213.650,  5921,21166,20519,-99999,-99999,-99999, 2842,-999, 3385339, -9749165,199129,47466,   55,11445,   67
 77214.650,  5920,21161,20528,-99999,-99999,-99999, 2845,-999, 3385270, -9748967,199130,47458,   56,11444,   69
 77215.650,  5920,21160,20520,-99999,-99999,-99999, 2845,-999, 3385201, -9748770,199130,47454,   61,11441,   71
 77216.650,  5920,21160,20515,-99999,-99999,-99999, 2841,-999, 3385132, -9748573,199130,47456,   62,11442,   70
 77217.650,  5919,21160,20508,-99999,-99999,-99999, 2842,-999, 3385062, -9748375,199130,47458,   57,11445,   69
 77218.650,  5919,21162,20487,-99999,-99999,-99999, 2842,-999, 3384993, -9748178,199127,47463,   53,11446,   70
 77219.650,  5919,21163,20477,-99999,-99999,-99999, 2835,-999, 3384924, -9747981,199126,47463,   48,11447,   72
 77220.650,  5919,21164,20462,-99999,-99999,-99999, 2845,-999, 3384855, -9747784,199128,47467,   49,11448,   73
 77221.650,  5918,21166,20449,-99999,-99999,-99999, 2841,-999, 3384785, -9747586,199129,47473,   48,11449,   72
 77222.650,  5917,21166,20444,-99999,-99999,-99999, 2834,-999, 3384716, -9747389,199131,47477,   48,11453,   70
 77223.650,  5915,21168,20432,-99999,-99999,-99999, 2837,-999, 3384647, -9747193,199132,47486,   44,11454,   67
 77224.650,  5914,21173,20410,-99999,-99999,-99999, 2841,-999, 3384577, -9746996,199134,47498,   39,11455,   62
 77225.650,  5915,21185,20370,-99999,-99999,-99999, 2845,-999, 3384508, -9746799,199139,47521,   42,11453,   58
 77226.650,  5916,21189,20361,-99999,-99999,-99999, 2847,-999, 3384438, -9746602,199143,47529,   52,11451,   53
 77227.650,  5916,21193,20346,-99999,-99999,-99999, 2836,-999, 3384369, -9746405,199145,47537,   53,11447,   49
 77228.650,  5916,21196,20338,-99999,-99999,-99999, 2839,-999, 3384300, -9746208,199147,47544,   44,11447,   50
 77229.650,  5918,21200,20324,-99999,-99999,-99999, 2836,-999, 3384230, -9746012,199148,47548,   41,11448,   54
 77230.650,  5920,21202,20311,-99999,-99999,-99999, 2837,-999, 3384161, -9745815,199147,47547,   47,11448,   60
 77231.650,  5921,21201,20307,-99999,-99999,-99999, 2844,-999, 3384091, -9745618,199146,47545,   45,11446,   66
 77232.650,  5922,21203,20295,-99999,-99999,-99999, 2843,-999, 3384022, -9745421,199147,47546,   39,11447,   71
 77233.650,  5923,21204,20285,-99999,-99999,-99999, 2849,-999, 3383952, -9745225,199146,47546,   35,11450,   79
 77234.650,  5923,21206,20275,-99999,-99999,-99999, 2852,-999, 3383883, -9745028,199145,47550,   38,11451,   86
 77235.650,  5924,21210,20259,-99999,-99999,-99999, 2844,-999, 3383813, -9744831,199146,47558,   41,11451,   90
 77236.650,  5923,21213,20248,-99999,-99999,-99999, 2851,-999, 3383743, -9744634,199142,47566,   38,11450,   93
 77237.650,  5923,21216,20236,-99999,-99999,-99999, 2849,-999, 3383674, -9744438,199144,47574,   40,11449,   94
 77238.650,  5923,21220,20227,-99999,-99999,-99999, 2845,-999, 3383604, -9744242,199145,47583,   44,11449,   93
 77239.650,  5922,21224,20212,-99999,-99999,-99999, 2849,-999, 3383535, -9744046,199147,47595,   41,11449,   91
 77240.650,  5921,21227,20199,-99999,-99999,-99999, 2847,-999, 3383465, -9743849,199149,47602,   41,11452,   89
 77241.650,  5919,21227,20200,-99999,-99999,-99999, 2848,-999, 3383395, -9743653,199151,47608,   39,11456,   88
 77242.650,  5919,21225,20207,-99999,-99999,-99999, 2848,-999, 3383326, -9743457,199151,47603,   39,11460,   85
 77243.650,  5919,21222,20205,-99999,-99999,-99999, 2844,-999, 3383257, -9743260,199152,47597,   38,11461,   81
 77244.650,  5918,21219,20206,-99999,-99999,-99999, 2846,-999, 3383187, -9743064,199152,47591,   33,11461,   77
 77245.650,  5920,21218,20203,-99999,-99999,-99999, 2847,-999, 3383118, -9742868,199152,47585,   30,11460,   79
 77246.650,  5919,21216,20210,-99999,-99999,-99999, 2851,-999, 3383049, -9742671,199153,47581,   26,11460,   80
 77247.650,  5920,21214,20217,-99999,-99999,-99999, 2846,-999, 3382979, -9742475,199153,47575,   28,11459,   82
 77248.650,  5920,21214,20214,-99999,-99999,-99999, 2854,-999, 3382916, -9742297,199153,47576,   36,11458,   88
 77249.650,  5920,21215,20213,-99999,-99999,-99999, 2848,-999, 3382860, -9742137,199154,47577,   37,11458,   87
 77250.650,  5919,21214,20218,-99999,-99999,-99999, 2849,-999, 3382716, -9741741,199153,47578,   32,11459,   84
 77251.650,  5918,21215,20220,-99999,-99999,-99999, 2850,-999, 3382665, -9741615,199153,47584,   29,11460,   82
 77252.650,  5916,21215,20229,-99999,-99999,-99999, 2848,-999, 3382607, -9741454,199153,47588,   29,11460,   80
 77253.650,  5915,21219,20227,-99999,-99999,-99999, 2849,-999, 3382548, -9741274,199167,47598,   31,11460,   75
 77254.650,  5915,21219,20236,-99999,-99999,-99999, 2849,-999, 3382480, -9741084,199165,47599,   33,11465,   63
 77255.650,  5914,21219,20247,-99999,-99999,-99999, 2845,-999, 3382413, -9740892,199171,47600,   32,11468,   58
 77256.650,  5914,21219,20253,-99999,-99999,-99999, 2847,-999, 3382344, -9740698,199169,47601,   32,11471,   53
 77257.650,  5915,21220,20256,-99999,-99999,-99999, 2848,-999, 3382275, -9740504,199168,47601,   31,11471,   51
 77258.650,  5916,21220,20264,-99999,-99999,-99999, 2847,-999, 3382206, -9740309,199169,47599,   29,11471,   48
 77259.650,  5917,21219,20274,-99999,-99999,-99999, 2849,-999, 3382137, -9740115,199168,47594,   36,11471,   50
 77260.650,  5918,21220,20273,-99999,-99999,-99999, 2849,-999, 3382068, -9739920,199169,47593,   41,11471,   53
 77261.650,  5919,21221,20278,-99999,-99999,-99999, 2844,-999, 3381999, -9739724,199168,47593,   39,11471,   55
 77262.650,  5918,21218,20295,-99999,-99999,-99999, 2852,-999, 3381929, -9739529,199166,47589,   32,11472,   56
 77263.650,  5920,21219,20295,-99999,-99999,-99999, 2847,-999, 3381860, -9739334,199164,47588,   25,11472,   60
 77264.650,  5921,21221,20291,-99999,-99999,-99999, 2849,-999, 3381790, -9739138,199164,47590,   23,11471,   67
 77265.650,  5921,21223,20296,-99999,-99999,-99999, 2850,-999, 3381721, -9738941,199165,47593,   28,11469,   74
 77266.650,  5921,21224,20298,-99999,-99999,-99999, 2846,-999, 3381651, -9738746,199162,47596,   28,11468,   77
 77267.650,  5920,21224,20306,-99999,-99999,-99999, 2844,-999, 3381582, -9738550,199160,47597,   25,11469,   79
 77268.650,  5920,21225,20306,-99999,-99999,-99999, 2849,-999, 3381513, -9738355,199160,47602,   20,11470,   80
 77269.650,  5920,21229,20303,-99999,-99999,-99999, 2847,-999, 3381443, -9738159,199154,47611,   26,11470,   83
 77270.650,  5919,21232,20305,-99999,-99999,-99999, 2847,-999, 3381374, -9737963,199154,47617,   37,11468,   79
 77271.650,  5917,21231,20316,-99999,-99999,-99999, 2851,-999, 3381304, -9737767,199154,47622,   34,11468,   71
 77272.650,  5916,21233,20320,-99999,-99999,-99999, 2844,-999, 3381235, -9737571,199154,47627,   29,11470,   69
 77273.650,  5917,21237,20315,-99999,-99999,-99999, 2844,-999, 3381165, -9737376,199152,47635,   31,11474,   68
 77274.650,  5918,21243,20310,-99999,-99999,-99999, 2844,-999, 3381096, -9737180,199151,47645,   34,11475,   69
 77275.650,  5917,21246,20311,-99999,-99999,-99999, 2849,-999, 3381027, -9736984,199151,47654,   33,11476,   74
 77276.650,  5919,21252,20302,-99999,-99999,-99999, 2847,-999, 3380957, -9736788,199151,47664,   31,11477,   79
 77277.650,  5919,21259,20298,-99999,-99999,-99999, 2844,-999, 3380888, -9736592,199150,47679,   28,11479,   81
 77278.650,  5917,21263,20300,-99999,-99999,-99999, 2846,-999, 3380819, -9736396,199150,47694,   26,11483,   80
 77279.650,  5915,21266,20307,-99999,-99999,-99999, 2847,-999, 3380749, -9736200,199150,47704,   25,11486,   80
 77280.650,  5916,21273,20300,-99999,-99999,-99999, 2850,-999, 3380686, -9736023,199150,47716,   28,11488,   84
 77281.650,  5917,21275,20302,-99999,-99999,-99999, 2847,-999, 3380629, -9735863,199150,47721,   36,11487,   85
 77282.650,  5915,21277,20308,-99999,-99999,-99999, 2844,-999, 3380578, -9735717,199150,47729,   38,11486,   82
 77283.650,  5915,21280,20304,-99999,-99999,-99999, 2844,-999, 3380531, -9735586,199150,47736,   32,11487,   80
 77284.650,  5915,21282,20300,-99999,-99999,-99999, 2847,-999, 3380489, -9735467,199150,47738,   28,11485,   80
 77285.650,  5915,21284,20301,-99999,-99999,-99999, 2841,-999, 3380451, -9735359,199150,47743,   28,11484,   79
 77286.650,  5915,21285,20303,-99999,-99999,-99999, 2851,-999, 3380417, -9735263,199150,47747,   28,11481,   78
 77287.650,  5916,21287,20292,-99999,-99999,-99999, 2848,-999, 3380386, -9735175,199150,47751,   30,11478,   79
 77288.650,  5914,21287,20297,-99999,-99999,-99999, 2848,-999, 3380357, -9735095,199150,47753,   29,11478,   78
 77289.650,  5915,21289,20300,-99999,-99999,-99999, 2844,-999, 3380332, -9735023,199150,47755,   27,11478,   80
 77290.650,  5915,21290,20300,-99999,-99999,-99999, 2842,-999, 3380309, -9734957,199150,47760,   26,11477,   81
 77291.650,  5916,21292,20300,-99999,-99999,-99999, 2846,-999, 3380288, -9734899,199150,47760,   27,11474,   82
