flight/ER2/SEAC4RS-MMS-1HZ_ER2_20130823_RA.ict
49, 1001                                                                                                                                                                                                
Bui, T. Paul                                                                                                                                                                                            
NASA Ames Research Center                                                                                                                                                                               
MMS - Meteorological Measurement System                                                                                                                                                                 
SEAC4RS                                                                                                                                                                                                 
1, 1                                                                                                                                                                                                    
2013, 08, 23, 2013, 08, 23                                                                                                                                                                              
-1                                                                                                                                                                                                      
TIME_UTC, seconds, elapsed time from 0000 UTC                                                                                                                                                           
15                                                                                                                                                                                                      
0.01, 0.01, 0.01, 0.01, 0.01, 0.001, 0.01, 0.01, 0.00001, 0.00001, 0.1, 0.01, 0.01, 0.01, 0.01                                                                                                          
-99999, -9999, -9999, -99999, -99999, -99999, -9999, -999, -9999999, -99999999, -99999, -9999, -9999, -9999, -9999                                                                                      
P, hPa, Static Pressure                                                                                                                                                                                 
T, K, Static Temperature                                                                                                                                                                                
TAS, m/s, True Air Speed                                                                                                                                                                                
U, m/s, E-W Horizontal Wind Speed                                                                                                                                                                       
[...]
DM_CONTACT_INFO: Jon Dean-Day, Bay Area Environmental Research Institute, 596 First St.                                                                                                                 
West, Sonoma, CA, 95476; email: jonathan.m.dean-day@nasa.gov                                                                                                                                            
PROJECT_INFO: SEAC4RS mission August 1 - September 30, 2013; Houston, TX                                                                                                                                
OTHER_COMMENTS:                                                                                                                                                                                         
..\cv\e_130823.cva                                                                                                                                                                                      
REVISION: RA                                                                                                                                                                                            
RA: Preliminary FIELD DATA, Not funded for 3D Winds                                                                                                                                                     
TIME_UTC, P, T, TAS, U, V, W, TEDR, REYN, G_LAT, G_LONG, G_ALT, POT, ROLL, HDG, PITCH                                                                                                                   
[from data line 11001]
 64573.700,  7339,20731,20278,-99999,-99999,-99999,-9999,-999, 3279899, -9086753,185244,43724,   33,19146,   32
 64574.700,  7335,20720,20302,-99999,-99999,-99999,-9999,-999, 3279719, -9086798,185245,43708,   38,19144,   15
 64575.700,  7332,20730,20288,-99999,-99999,-99999,-9999,-999, 3279556, -9086840,185246,43734,   40,19140,   -6
 64576.700,  7332,20743,20258,-99999,-99999,-99999,-9999,-999, 3279408, -9086877,185246,43763,   37,19140,  -18
 64577.700,  7332,20745,20240,-99999,-99999,-99999,-9999,-999, 3279275, -9086911,185246,43766,   38,19146,  -34
 64578.700,  7332,20755,20244,-99999,-99999,-99999,-9999,-999, 3279154, -9086942,185246,43787,   31,19151,  -42
 64579.700,  7337,20763,20230,-99999,-99999,-99999,-9999,-999, 3279045, -9086969,185246,43796,   28,19158,  -44
 64580.700,  7342,20769,20215,-99999,-99999,-99999,-9999,-999, 3278946, -9086994,185246,43800,   38,19162,  -38
 64581.700,  7348,20777,20199,-99999,-99999,-99999,-9999,-999, 3278857, -9087017,185246,43806,   46,19164,  -23
 64582.700,  7353,20780,20194,-99999,-99999,-99999,-9999,-999, 3278776, -9087038,185246,43805,   52,19169,   -6
 64583.700,  7355,20783,20190,-99999,-99999,-99999,-9999,-999, 3278703, -9087056,185246,43807,   52,19175,   12
 64584.700,  7354,20785,20192,-99999,-99999,-99999,-9999,-999, 3278637, -9087073,185246,43812,   46,19178,   19
 64585.700,  7351,20781,20210,-99999,-99999,-99999,-9999,-999, 3278577, -9087088,185246,43810,   44,19178,   16
 64586.700,  7349,20778,20220,-99999,-99999,-99999,-9999,-999, 3278522, -9087102,185246,43807,   42,19176,   19
 64587.700,  7346,20778,20225,-99999,-99999,-99999,-9999,-999, 3278473, -9087114,185246,43812,   40,19173,   20
 64588.700,  7345,20780,20223,-99999,-99999,-99999,-9999,-999, 3278429, -9087126,185246,43817,   40,19173,   19
 64589.700,  7341,20780,20222,-99999,-99999,-99999,-9999,-999, 3278389, -9087136,185246,43823,   27,19176,   12
 64590.700,  7341,20784,20214,-99999,-99999,-99999,-9999,-999, 3278352, -9087145,185246,43833,   22,19180,   12
 64591.700,  7339,20785,20228,-99999,-99999,-99999,-9999,-999, 3278320, -9087153,185246,43839,   28,19183,    8
 64592.700,  7338,20788,20238,-99999,-99999,-99999,-9999,-999, 3278289, -9087161,185246,43846,   33,19188,    5
 64593.700,  7337,20788,20254,-99999,-99999,-99999,-9999,-999, 3278263, -9087168,185246,43848,   40,19194,   -1
 64594.700,  7337,20791,20248,-99999,-99999,-99999,-9999,-999, 3278238, -9087174,185246,43854,   45,19200,   -3
 64595.700,  7336,20789,20258,-99999,-99999,-99999,-9999,-999, 3278216, -9087179,185246,43853,   48,19204,   -5
 64596.700,  7336,20791,20255,-99999,-99999,-99999,-9999,-999, 3278196, -9087184,185246,43856,   49,19206,   -7
 64597.700,  7336,20791,20270,-99999,-99999,-99999,-9999,-999, 3278178, -9087189,185246,43855,   51,19206,   -8
 64598.700,  7336,20790,20272,-99999,-99999,-99999,-9999,-999, 3278162, -9087193,185246,43854,   52,19207,   -7
 64599.700,  7336,20793,20280,-99999,-99999,-99999,-9999,-999, 3275753, -9088043,185245,43859,   49,19207,   -8
 64600.700,  7335,20792,20306,-99999,-99999,-99999,-9999,-999, 3275435, -9088123,185246,43860,   25,19210,  -12
 64601.700,  7337,20792,20313,-99999,-99999,-99999,-9999,-999, 3275260, -9088183,185246,43856,   21,19212,   -7
 64602.700,  7338,20792,20305,-99999,-99999,-99999,-9999,-999, 3275084, -9088243,185246,43854,   32,19213,   -5
 64603.700,  7338,20791,20308,-99999,-99999,-99999,-9999,-999, 3274800, -9088318,185246,43853,   40,19211,   -6
 64604.700,  7338,20791,20305,-99999,-99999,-99999,-9999,-999, 3274627, -9088376,185246,43852,   39,19208,   -7
 64605.700,  7337,20790,20312,-99999,-99999,-99999,-9999,-999, 3274454, -9088434,185247,43853,   37,19206,   -7
 64606.700,  7336,20788,20327,-99999,-99999,-99999,-9999,-999, 3274297, -9088486,185247,43849,   38,19203,   -5
 64607.700,  7338,20789,20314,-99999,-99999,-99999,-9999,-999, 3274156, -9088533,185247,43848,   41,19200,   -5
 64608.700,  7336,20787,20315,-99999,-99999,-99999,-9999,-999, 3274027, -9088577,185247,43847,   45,19200,   -9
 64609.700,  7334,20784,20312,-99999,-99999,-99999,-9999,-999, 3273911, -9088615,185247,43844,   49,19198,  -16
 64610.700,  7335,20783,20295,-99999,-99999,-99999,-9999,-999, 3273806, -9088650,185247,43841,   45,19197,  -19
 64611.700,  7333,20780,20292,-99999,-99999,-99999,-9999,-999, 3273711, -9088682,185247,43837,   25,19195,  -24
 64612.700,  7335,20778,20295,-99999,-99999,-99999,-9999,-999, 3273625, -9088711,185247,43829,   22,19191,  -21
 64613.700,  7337,20767,20313,-99999,-99999,-99999,-9999,-999, 3273548, -9088737,185247,43805,   36,19187,  -19
 64614.700,  7336,20767,20322,-99999,-99999,-99999,-9999,-999, 3273477, -9088760,185247,43805,   45,19181,  -15
 64615.700,  7338,20767,20325,-99999,-99999,-99999,-9999,-999, 3273414, -9088781,185247,43801,   17,19175,  -10
 64616.700,  7338,20776,20280,-99999,-99999,-99999,-9999,-999, 3273356, -9088801,185247,43822,   32,19171,   -4
 64617.700,  7335,20778,20284,-99999,-99999,-99999,-9999,-999, 3273304, -9088818,185247,43831,   41,19170,  -10
 64618.700,  7337,20771,20304,-99999,-99999,-99999,-9999,-999, 3273257, -9088834,185247,43811,   53,19176,   -8
 64619.700,  7336,20771,20309,-99999,-99999,-99999,-9999,-999, 3273214, -9088848,185247,43813,   62,19180,   -9
 64620.700,  7334,20771,20305,-99999,-99999,-99999,-9999,-999, 3273176, -9088861,185247,43817,   45,19179,  -12
 64621.700,  7333,20773,20278,-99999,-99999,-99999,-9999,-999, 3273140, -9088873,185247,43822,   38,19182,  -14
 64622.700,  7331,20772,20297,-99999,-99999,-99999,-9999,-999, 3273109, -9088883,185247,43823,   28,19186,  -23
 64623.700,  7333,20770,20310,-99999,-99999,-99999,-9999,-999, 3273081, -9088893,185247,43817,   26,19189,  -23
 64624.700,  7334,20772,20316,-99999,-99999,-99999,-9999,-999, 3273055, -9088902,185247,43818,   36,19189,  -24
 64625.700,  7334,20774,20315,-99999,-99999,-99999,-9999,-999, 3273031, -9088909,185247,43822,   43,19191,  -24
 64626.700,  7337,20777,20307,-99999,-99999,-99999,-9999,-999, 3273010, -9088916,185247,43826,   43,19194,  -22
 64627.700,  7337,20776,20307,-99999,-99999,-99999,-9999,-999, 3272991, -9088922,185247,43822,   49,19197,  -19
 64628.700,  7337,20772,20313,-99999,-99999,-99999,-9999,-999, 3272973, -9088928,185247,43814,   52,19196,  -18
 64629.700,  7339,20770,20309,-99999,-99999,-99999,-9999,-999, 3270574, -9089279,185213,43807,   52,19196,  -19
 64630.700,  7338,20759,20313,-99999,-99999,-99999,-9999,-999, 3270276, -9089508,185220,43786,   52,19197,  -21
 64631.700,  7339,20748,20331,-99999,-99999,-99999,-9999,-999, 3270097, -9089555,185219,43759,   51,19196,  -17
 64632.700,  7340,20742,20343,-99999,-99999,-99999,-9999,-999, 3269918, -9089601,185219,43746,   49,19193,  -13
 64633.700,  7340,20741,20341,-99999,-99999,-99999,-9999,-999, 3269285, -9089481,185194,43743,   18,19189,   -7
 64634.700,  7343,20752,20310,-99999,-99999,-99999,-9999,-999, 3268979, -9089519,185207,43761,   22,19188,    3
 64635.700,  7341,20762,20284,-99999,-99999,-99999,-9999,-999, 3268799, -9089565,185206,43786,   33,19189,    4
 64636.700,  7341,20770,20270,-99999,-99999,-99999,-9999,-999, 3268620, -9089610,185205,43802,   35,19192,    6
 64637.700,  7339,20770,20275,-99999,-99999,-99999,-9999,-999, 3268440, -9089656,185204,43806,   33,19198,    5
 64638.700,  7340,20774,20268,-99999,-99999,-99999,-9999,-999, 3268260, -9089701,185203,43814,   38,19200,    5
 64639.700,  7340,20777,20264,-99999,-99999,-99999,-9999,-999, 3268080, -9089746,185202,43820,   42,19202,    2
 64640.700,  7338,20777,20281,-99999,-99999,-99999,-9999,-999, 3267901, -9089792,185201,43823,   45,19202,   -2
 64641.700,  7338,20777,20288,-99999,-99999,-99999,-9999,-999, 3267738, -9089833,185201,43823,   42,19203,    0
 64642.700,  7338,20777,20288,-99999,-99999,-99999,-9999,-999, 3267591, -9089870,185200,43822,   43,19204,   -2
 64643.700,  7338,20774,20288,-99999,-99999,-99999,-9999,-999, 3267458, -9089903,185200,43816,   43,19206,   -3
 64644.700,  7337,20765,20299,-99999,-99999,-99999,-9999,-999, 3267337, -9089934,185200,43798,   24,19206,  -11
 64645.700,  7336,20764,20308,-99999,-99999,-99999,-9999,-999, 3267228, -9089961,185200,43797,   24,19203,  -10
 64646.700,  7337,20759,20317,-99999,-99999,-99999,-9999,-999, 3267129, -9089987,185200,43788,   35,19196,  -14
 64647.700,  7335,20754,20335,-99999,-99999,-99999,-9999,-999, 3267040, -9090010,185200,43780,   37,19190,  -18
 64648.700,  7337,20756,20333,-99999,-99999,-99999,-9999,-999, 3266959, -9090029,185200,43781,   27,19186,  -17
 64649.700,  7339,20759,20331,-99999,-99999,-99999,-9999,-999, 3266886, -9090048,185200,43783,   40,19182,  -15
 64650.700,  7339,20761,20326,-99999,-99999,-99999,-9999,-999, 3266820, -9090064,185200,43788,   41,19179,  -14
 64651.700,  7338,20759,20347,-99999,-99999,-99999,-9999,-999, 3266760, -9090080,185200,43785,   38,19179,  -12
 64652.700,  7338,20760,20343,-99999,-99999,-99999,-9999,-999, 3266706, -9090093,185200,43787,   46,19177,   -9
 64653.700,  7339,20757,20355,-99999,-99999,-99999,-9999,-999, 3266657, -9090106,185200,43780,   55,19174,  -11
 64654.700,  7337,20759,20364,-99999,-99999,-99999,-9999,-999, 3266613, -9090117,185200,43786,   46,19172,  -15
 64655.700,  7337,20754,20384,-99999,-99999,-99999,-9999,-999, 3266573, -9090127,185200,43777,   33,19172,  -19
 64656.700,  7337,20751,20399,-99999,-99999,-99999,-9999,-999, 3266536, -9090136,185200,43771,   25,19169,  -21
 64657.700,  7335,20747,20420,-99999,-99999,-99999,-9999,-999, 3266504, -9090145,185200,43766,   21,19165,  -25
 64658.700,  7335,20746,20431,-99999,-99999,-99999,-9999,-999, 3264645, -9090613,185189,43764,   25,19161,  -25
 64659.700,  7335,20747,20443,-99999,-99999,-99999,-9999,-999, 3264477, -9090665,185177,43766,   31,19153,  -24
 64660.700,  7335,20751,20447,-99999,-99999,-99999,-9999,-999, 3264281, -9090702,185182,43773,   29,19151,  -22
 64661.700,  7336,20754,20447,-99999,-99999,-99999,-9999,-999, 3264102, -9090747,185182,43779,   36,19152,  -19
 64662.700,  7335,20757,20448,-99999,-99999,-99999,-9999,-999, 3263923, -9090792,185181,43786,   41,19153,  -19
 64663.700,  7335,20761,20450,-99999,-99999,-99999,-9999,-999, 3263741, -9090836,185208,43793,   47,19156,  -19
 64664.700,  7335,20760,20458,-99999,-99999,-99999,-9999,-999, 3263561, -9090881,185208,43792,   52,19159,  -19
 64665.700,  7334,20761,20472,-99999,-99999,-99999,-9999,-999, 3263382, -9090927,185208,43796,   49,19162,  -19
 64666.700,  7334,20761,20475,-99999,-99999,-99999,-9999,-999, 3263202, -9090972,185208,43796,   31,19164,  -21
 64667.700,  7333,20764,20487,-99999,-99999,-99999,-9999,-999, 3263023, -9091017,185208,43805,   29,19167,  -21
 64668.700,  7333,20756,20501,-99999,-99999,-99999,-9999,-999, 3262843, -9091062,185208,43787,   39,19166,  -20
 64669.700,  7334,20766,20498,-99999,-99999,-99999,-9999,-999, 3262664, -9091107,185208,43806,   45,19164,  -24
 64670.700,  7333,20761,20517,-99999,-99999,-99999,-9999,-999, 3262501, -9091148,185208,43797,   40,19165,  -24
 64671.700,  7333,20752,20529,-99999,-99999,-99999,-9999,-999, 3262354, -9091185,185208,43778,   44,19168,  -24
 64672.700,  7334,20761,20519,-99999,-99999,-99999,-9999,-999, 3262221, -9091219,185208,43796,   42,19164,  -23
 64673.700,  7333,20748,20568,-99999,-99999,-99999,-9999,-999, 3262101, -9091249,185208,43769,   48,19157,  -24
 64674.700,  7333,20748,20587,-99999,-99999,-99999,-9999,-999, 3261992, -9091276,185208,43770,   52,19153,  -22
 64675.700,  7333,20749,20588,-99999,-99999,-99999,-9999,-999, 3261894, -9091301,185208,43774,   33,19154,  -19
 64676.700,  7334,20749,20599,-99999,-99999,-99999,-9999,-999, 3261804, -9091323,185208,43771,   38,19153,  -16
 64677.700,  7330,20744,20631,-99999,-99999,-99999,-9999,-999, 3261724, -9091344,185208,43769,   34,19149,  -20
 64678.700,  7331,20746,20654,-99999,-99999,-99999,-9999,-999, 3261651, -9091362,185208,43770,   20,19150,  -18
 64679.700,  7330,20742,20667,-99999,-99999,-99999,-9999,-999, 3261585, -9091379,185208,43763,   36,19148,  -19
 64680.700,  7328,20752,20626,-99999,-99999,-99999,-9999,-999, 3261525, -9091394,185208,43786,   34,19144,  -24
 64681.700,  7326,20747,20673,-99999,-99999,-99999,-9999,-999, 3261471, -9091407,185208,43780,   26,19143,  -29
 64682.700,  7326,20746,20681,-99999,-99999,-99999,-9999,-999, 3261422, -9091419,185208,43778,   42,19141,  -37
 64683.700,  7325,20751,20644,-99999,-99999,-99999,-9999,-999, 3261377, -9091431,185208,43791,   58,19142,  -46
 64684.700,  7325,20754,20635,-99999,-99999,-99999,-9999,-999, 3261337, -9091441,185208,43796,   38,19144,  -43
 64685.700,  7328,20755,20666,-99999,-99999,-99999,-9999,-999, 3261301, -9091450,185208,43794,   53,19143,  -50
 64686.700,  7330,20753,20697,-99999,-99999,-99999,-9999,-999, 3261268, -9091458,185208,43786,   54,19139,  -52
 64687.700,  7332,20757,20664,-99999,-99999,-99999,-9999,-999, 3261239, -9091466,185208,43792,   32,19140,  -45
 64688.700,  7335,20765,20642,-99999,-99999,-99999,-9999,-999, 3259296, -9091950,185194,43804,   25,19143,  -33
 64689.700,  7338,20771,20633,-99999,-99999,-99999,-9999,-999, 3259089, -9092002,185190,43809,   40,19145,  -28
 64690.700,  7338,20773,20619,-99999,-99999,-99999,-9999,-999, 3258910, -9092047,185189,43815,   29,19145,  -21
 64691.700,  7340,20772,20632,-99999,-99999,-99999,-9999,-999, 3258731, -9092092,185189,43810,   41,19143,  -14
 64692.700,  7339,20770,20645,-99999,-99999,-99999,-9999,-999, 3258552, -9092137,185188,43807,   37,19139,  -10
 64693.700,  7337,20769,20637,-99999,-99999,-99999,-9999,-999, 3258363, -9092187,185187,43808,   36,19140,  -10
 64694.700,  7339,20775,20611,-99999,-99999,-99999,-9999,-999, 3258183, -9092232,185186,43818,   47,19146,   -6
 64695.700,  7336,20772,20628,-99999,-99999,-99999,-9999,-999, 3258004, -9092277,185186,43816,   57,19147,  -12
 64696.700,  7334,20772,20611,-99999,-99999,-99999,-9999,-999, 3257824, -9092322,185185,43820,   62,19144,  -18
 64697.700,  7335,20774,20595,-99999,-99999,-99999,-9999,-999, 3257645, -9092367,185185,43821,   57,19140,  -29
 64698.700,  7335,20777,20579,-99999,-99999,-99999,-9999,-999, 3257465, -9092412,185184,43827,   37,19143,  -27
 64699.700,  7339,20781,20556,-99999,-99999,-99999,-9999,-999, 3257286, -9092457,185184,43830,   20,19146,  -26
 64700.700,  7340,20783,20551,-99999,-99999,-99999,-9999,-999, 3257123, -9092498,185184,43834,   30,19148,  -21
 64701.700,  7339,20779,20581,-99999,-99999,-99999,-9999,-999, 3256976, -9092535,185183,43826,   49,19147,  -23
 64702.700,  7341,20783,20541,-99999,-99999,-99999,-9999,-999, 3256843, -9092568,185183,43830,   41,19150,  -18
 64703.700,  7340,20787,20511,-99999,-99999,-99999,-9999,-999, 3256723, -9092598,185183,43841,   44,19154,  -13
 64704.700,  7339,20783,20520,-99999,-99999,-99999,-9999,-999, 3256614, -9092626,185183,43834,   51,19154,  -13
 64705.700,  7338,20784,20513,-99999,-99999,-99999,-9999,-999, 3256516, -9092650,185183,43839,   31,19153,  -16
 64706.700,  7338,20781,20533,-99999,-99999,-99999,-9999,-999, 3256426, -9092673,185183,43832,   44,19155,  -13
 64707.700,  7337,20783,20514,-99999,-99999,-99999,-9999,-999, 3256346, -9092693,185183,43838,   43,19156,  -19
 64708.700,  7336,20786,20507,-99999,-99999,-99999,-9999,-999, 3256273, -9092711,185183,43844,   53,19158,  -23
 64709.700,  7335,20787,20496,-99999,-99999,-99999,-9999,-999, 3256207, -9092728,185183,43849,   50,19163,  -34
 64710.700,  7336,20792,20473,-99999,-99999,-99999,-9999,-999, 3256147, -9092743,185183,43859,   20,19166,  -32
 64711.700,  7339,20791,20488,-99999,-99999,-99999,-9999,-999, 3256093, -9092756,185183,43852,   33,19164,  -32
 64712.700,  7339,20791,20499,-99999,-99999,-99999,-9999,-999, 3256044, -9092769,185183,43851,   43,19163,  -34
 64713.700,  7341,20793,20503,-99999,-99999,-99999,-9999,-999, 3256000, -9092780,185183,43852,   41,19165,  -28
