flight/ER2/SEAC4RS-MMS-1HZ_ER2_20130821_RA.ict
49, 1001                                                                                                                                                                                                
Bui, T. Paul                                                                                                                                                                                            
NASA Ames Research Center                                                                                                                                                                               
MMS - Meteorological Measurement System                                                                                                                                                                 
SEAC4RS                                                                                                                                                                                                 
1, 1                                                                                                                                                                                                    
2013, 08, 21, 2013, 08, 21                                                                                                                                                                              
-1                                                                                                                                                                                                      
TIME_UTC, seconds, elapsed time from 0000 UTC                                                                                                                                                           
15                                                                                                                                                                                                      
0.01, 0.01, 0.01, 0.01, 0.01, 0.001, 0.01, 0.01, 0.00001, 0.00001, 0.1, 0.01, 0.01, 0.01, 0.01                                                                                                          
-99999, -9999, -9999, -99999, -99999, -99999, -9999, -999, -9999999, -99999999, -99999, -9999, -9999, -9999, -9999                                                                                      
P, hPa, Static Pressure                                                                                                                                                                                 
T, K, Static Temperature                                                                                                                                                                                
TAS, m/s, True Air Speed                                                                                                                                                                                
U, m/s, E-W Horizontal Wind Speed                                                                                                                                                                       
[...]
DM_CONTACT_INFO: Jon Dean-Day, Bay Area Environmental Research Institute, 596 First St.                                                                                                                 
West, Sonoma, CA, 95476; email: jonathan.m.dean-day@nasa.gov                                                                                                                                            
PROJECT_INFO: SEAC4RS mission August 1 - September 30, 2013; Houston, TX                                                                                                                                
OTHER_COMMENTS:                                                                                                                                                                                         
..\cv\e_130821.cva                                                                                                                                                                                      
REVISION: RA                                                                                                                                                                                            
RA: Preliminary FIELD DATA, Not funded for 3D Winds                                                                                                                                                     
TIME_UTC, P, T, TAS, U, V, W, TEDR, REYN, G_LAT, G_LONG, G_ALT, POT, ROLL, HDG, PITCH                                                                                                                   
[from data line 22858]
 77508.950, 10971,20045,19676,-99999,-99999,-99999,-9999,-999, 2917282, -9492546,160582,37689,  259,18377, -197
 77509.950, 10971,20041,19696,-99999,-99999,-99999,-9999,-999, 2917104, -9492561,160592,37683,  200,18407, -202
 77510.950, 10970,20039,19713,-99999,-99999,-99999,-9999,-999, 2916927, -9492575,160601,37679,  117,18443, -207
 77511.950, 10970,20037,19725,-99999,-99999,-99999,-9999,-999, 2916749, -9492591,160612,37675,   69,18461, -209
 77512.950, 10972,20034,19718,-99999,-99999,-99999,-9999,-999, 2916571, -9492607,160620,37668,    9,18479, -211
 77513.950, 10974,20032,19731,-99999,-99999,-99999,-9999,-999, 2916393, -9492623,160628,37663,  -37,18488, -214
 77514.950, 10971,20026,19787,-99999,-99999,-99999,-9999,-999, 2916215, -9492639,160634,37653, -242,18501, -219
 77515.950, 10971,20026,19804,-99999,-99999,-99999,-9999,-999, 2916037, -9492655,160639,37653, -491,18505, -217
 77516.950, 10971,20033,19838,-99999,-99999,-99999,-9999,-999, 2915859, -9492671,160645,37667, -883,18500, -215
 77517.950, 10972,20037,19891,-99999,-99999,-99999,-9999,-999, 2915681, -9492687,160652,37672,-1185,18482, -211
 77518.950, 10977,20038,19905,-99999,-99999,-99999,-9999,-999, 2915502, -9492703,160658,37669,-1624,18440, -204
 77519.950, 10983,20041,19915,-99999,-99999,-99999,-9999,-999, 2915324, -9492720,160664,37671,-1886,18391, -192
 77520.950, 10995,20047,19936,-99999,-99999,-99999,-9999,-999, 2915146, -9492736,160670,37669,-2040,18299, -178
 77521.950, 11010,20050,19920,-99999,-99999,-99999,-9999,-999, 2914985, -9492750,160673,37662,-2056,18192, -167
 77522.950, 11022,20056,19903,-99999,-99999,-99999,-9999,-999, 2914839, -9492763,160676,37660,-2044,18081, -157
 77523.950, 11029,20059,19928,-99999,-99999,-99999,-9999,-999, 2914707, -9492775,160677,37659,-2026,17956, -148
 77524.950, 11035,20062,19941,-99999,-99999,-99999,-9999,-999, 2914412, -9492586,160670,37659,-2016,17840, -138
 77525.950, 11040,20061,19950,-99999,-99999,-99999,-9999,-999, 2914294, -9492581,160659,37652,-2006,17735, -129
 77526.950, 11045,20063,19927,-99999,-99999,-99999,-9999,-999, 2914165, -9492564,160654,37651,-1989,17590, -119
 77527.950, 11047,20066,19943,-99999,-99999,-99999,-9999,-999, 2914015, -9492524,160654,37654,-1984,17467, -110
 77528.950, 11049,20065,19951,-99999,-99999,-99999,-9999,-999, 2913864, -9492485,160654,37651,-1983,17353,  -98
 77529.950, 11050,20066,19954,-99999,-99999,-99999,-9999,-999, 2913481, -9492681,160654,37651,-1979,17229,  -86
 77530.950, 11050,20066,19967,-99999,-99999,-99999,-9999,-999, 2913315, -9492665,160652,37652,-1975,17123,  -76
 77531.950, 11046,20066,19996,-99999,-99999,-99999,-9999,-999, 2913138, -9492642,160652,37656,-1970,16999,  -62
 77532.950, 11040,20062,20037,-99999,-99999,-99999,-9999,-999, 2912961, -9492618,160652,37655,-1963,16913,  -55
 77533.950, 11032,20067,20035,-99999,-99999,-99999,-9999,-999, 2912783, -9492594,160652,37672,-1952,16787,  -52
 77534.950, 11024,20064,20023,-99999,-99999,-99999,-9999,-999, 2912606, -9492571,160653,37672,-1950,16703,  -54
 77535.950, 11019,20056,20034,-99999,-99999,-99999,-9999,-999, 2912429, -9492546,160653,37662,-1954,16584,  -58
 77536.950, 11014,20056,20014,-99999,-99999,-99999,-9999,-999, 2912251, -9492523,160653,37668,-1949,16502,  -61
 77537.950, 11010,20054,20005,-99999,-99999,-99999,-9999,-999, 2912091, -9492501,160653,37668,-1943,16387,  -66
 77538.950, 11007,20054,19992,-99999,-99999,-99999,-9999,-999, 2911946, -9492481,160653,37671,-1941,16291,  -70
 77539.950, 11006,20057,19968,-99999,-99999,-99999,-9999,-999, 2911814, -9492464,160653,37678,-1943,16200,  -75
 77540.950, 11003,20064,19948,-99999,-99999,-99999,-9999,-999, 2911443, -9492233,160671,37694,-1936,16116,  -80
 77541.950, 10999,20073,19935,-99999,-99999,-99999,-9999,-999, 2911324, -9492192,160659,37714,-1929,16000,  -92
 77542.950, 10996,20080,19911,-99999,-99999,-99999,-9999,-999, 2911153, -9492131,160659,37730,-1932,15897, -101
 77543.950, 10997,20086,19887,-99999,-99999,-99999,-9999,-999, 2910983, -9492069,160659,37742,-1930,15802, -108
 77544.950, 10995,20092,19878,-99999,-99999,-99999,-9999,-999, 2910812, -9492006,160659,37755,-1925,15683, -118
 77545.950, 10996,20098,19870,-99999,-99999,-99999,-9999,-999, 2910641, -9491944,160659,37765,-1935,15605, -123
 77546.950, 11000,20100,19873,-99999,-99999,-99999,-9999,-999, 2910470, -9491883,160659,37765,-1943,15482, -127
 77547.950, 11002,20101,19871,-99999,-99999,-99999,-9999,-999, 2910300, -9491821,160659,37765,-1937,15400, -126
 77548.950, 11006,20105,19875,-99999,-99999,-99999,-9999,-999, 2910145, -9491765,160659,37768,-1932,15268, -124
 77549.950, 11007,20110,19884,-99999,-99999,-99999,-9999,-999, 2910005, -9491714,160659,37777,-1931,15173, -124
 77550.950, 11005,20122,19885,-99999,-99999,-99999,-9999,-999, 2909879, -9491668,160659,37802,-1933,15060, -121
 77551.950, 11005,20122,19887,-99999,-99999,-99999,-9999,-999, 2909765, -9491627,160659,37802,-1931,14963, -117
 77552.950, 11005,20114,19862,-99999,-99999,-99999,-9999,-999, 2909661, -9491590,160659,37786,-1936,14847, -115
 77553.950, 11008,20110,19868,-99999,-99999,-99999,-9999,-999, 2909567, -9491555,160659,37776,-1935,14763, -114
 77554.950, 11013,20110,19878,-99999,-99999,-99999,-9999,-999, 2909037, -9491059,160662,37772,-1926,14661, -112
 77555.950, 11011,20119,19895,-99999,-99999,-99999,-9999,-999, 2909068, -9490989,160724,37790,-1926,14566, -111
 77556.950, 11008,20119,19944,-99999,-99999,-99999,-9999,-999, 2908917, -9490882,160726,37792,-1934,14448, -107
 77557.950, 10999,20119,19980,-99999,-99999,-99999,-9999,-999, 2908766, -9490776,160727,37801,-1924,14364, -108
 77558.950, 10992,20112,19994,-99999,-99999,-99999,-9999,-999, 2908642, -9490679,160687,37794,-1917,14255, -111
 77559.950, 10990,20113,19993,-99999,-99999,-99999,-9999,-999, 2908510, -9490569,160663,37798,-1917,14156, -117
 77560.950, 10991,20134,19984,-99999,-99999,-99999,-9999,-999, 2908397, -9490434,160709,37837,-1910,14061, -124
 77561.950, 10987,20181,19994,-99999,-99999,-99999,-9999,-999, 2908255, -9490313,160710,37929,-1919,13946, -131
 77562.950, 10993,20197,20000,-99999,-99999,-99999,-9999,-999, 2908113, -9490192,160712,37955,-1933,13837, -137
 77563.950, 10999,20209,19999,-99999,-99999,-99999,-9999,-999, 2907971, -9490071,160713,37970,-1944,13744, -133
 77564.950, 11003,20200,20023,-99999,-99999,-99999,-9999,-999, 2907829, -9489950,160715,37949,-1946,13619, -120
 77565.950, 11006,20158,19988,-99999,-99999,-99999,-9999,-999, 2907686, -9489829,160716,37868,-1930,13533, -117
 77566.950, 11009,20149,19948,-99999,-99999,-99999,-9999,-999, 2907558, -9489640,160722,37846,-1917,13426, -113
 77567.950, 11011,20132,19961,-99999,-99999,-99999,-9999,-999, 2907447, -9489512,160714,37814,-1916,13331, -103
 77568.950, 11008,20142,19962,-99999,-99999,-99999,-9999,-999, 2907327, -9489376,160700,37835,-1915,13235,  -95
 77569.950, 11002,20151,19961,-99999,-99999,-99999,-9999,-999, 2907206, -9489235,160688,37858,-1922,13127,  -98
 77570.950, 10998,20167,19994,-99999,-99999,-99999,-9999,-999, 2907086, -9489092,160681,37892,-1939,13025, -105
 77571.950, 11000,20212,20011,-99999,-99999,-99999,-9999,-999, 2906969, -9488944,160676,37975,-1943,12937, -108
 77572.950, 10996,20216,20034,-99999,-99999,-99999,-9999,-999, 2906853, -9488795,160673,37985,-1933,12819, -109
 77573.950, 10996,20219,20056,-99999,-99999,-99999,-9999,-999, 2906739, -9488643,160670,37992,-1934,12739, -110
 77574.950, 10994,20231,20065,-99999,-99999,-99999,-9999,-999, 2906628, -9488489,160669,38017,-1935,12630, -111
 77575.950, 10990,20244,20092,-99999,-99999,-99999,-9999,-999, 2906519, -9488333,160669,38045,-1935,12558, -109
 77576.950, 10988,20235,20033,-99999,-99999,-99999,-9999,-999, 2906412, -9488175,160668,38030,-1929,12455, -108
 77577.950, 10982,20219,20026,-99999,-99999,-99999,-9999,-999, 2906309, -9488014,160667,38006,-1926,12376, -114
 77578.950, 10979,20214,20049,-99999,-99999,-99999,-9999,-999, 2906207, -9487852,160671,37999,-1929,12257, -126
 77579.950, 10979,20186,20053,-99999,-99999,-99999,-9999,-999, 2906109, -9487688,160672,37947,-1929,12174, -131
 77580.950, 10982,20179,20068,-99999,-99999,-99999,-9999,-999, 2906012, -9487522,160674,37931,-1922,12054, -142
 77581.950, 10985,20183,20054,-99999,-99999,-99999,-9999,-999, 2905918, -9487354,160674,37935,-1926,11963, -144
 77582.950, 10988,20179,20069,-99999,-99999,-99999,-9999,-999, 2905827, -9487184,160673,37926,-1927,11840, -140
 77583.950, 10992,20150,20002,-99999,-99999,-99999,-9999,-999, 2905738, -9487013,160671,37866,-1924,11758, -139
 77584.950, 10993,20142,19996,-99999,-99999,-99999,-9999,-999, 2905652, -9486840,160668,37849,-1921,11644, -135
 77585.950, 10993,20146,19973,-99999,-99999,-99999,-9999,-999, 2905569, -9486666,160665,37858,-1922,11563, -134
 77586.950, 10992,20196,20048,-99999,-99999,-99999,-9999,-999, 2905488, -9486489,160662,37952,-1931,11452, -135
 77587.950, 10994,20213,20086,-99999,-99999,-99999,-9999,-999, 2905410, -9486312,160660,37983,-1938,11348, -132
 77588.950, 10996,20218,20060,-99999,-99999,-99999,-9999,-999, 2905335, -9486133,160656,37990,-1937,11255, -128
 77589.950, 10995,20221,20073,-99999,-99999,-99999,-9999,-999, 2905263, -9485952,160652,37997,-1925,11144, -124
 77590.950, 10993,20222,20083,-99999,-99999,-99999,-9999,-999, 2905194, -9485771,160649,38000,-1922,11066, -124
 77591.950, 10994,20223,20080,-99999,-99999,-99999,-9999,-999, 2905128, -9485588,160646,38002,-1925,10950, -123
 77592.950, 10997,20224,20075,-99999,-99999,-99999,-9999,-999, 2905064, -9485403,160645,38000,-1930,10868, -123
 77593.950, 10999,20225,20078,-99999,-99999,-99999,-9999,-999, 2905004, -9485217,160642,37999,-1933,10761, -122
 77594.950, 11001,20226,20076,-99999,-99999,-99999,-9999,-999, 2904946, -9485031,160641,38000,-1925,10661, -120
 77595.950, 11004,20230,20058,-99999,-99999,-99999,-9999,-999, 2904892, -9484842,160637,38004,-1925,10554, -117
 77596.950, 11002,20233,20039,-99999,-99999,-99999,-9999,-999, 2904840, -9484654,160634,38013,-1929,10458, -115
 77597.950, 11005,20238,20013,-99999,-99999,-99999,-9999,-999, 2904792, -9484465,160633,38020,-1855,10351, -110
 77598.950, 11007,20243,19992,-99999,-99999,-99999,-9999,-999, 2904746, -9484274,160630,38026,-1675,10252, -108
 77599.950, 11005,20240,20011,-99999,-99999,-99999,-9999,-999, 2904704, -9484082,160626,38022,-1328,10127, -106
 77600.950, 11002,20237,20041,-99999,-99999,-99999,-9999,-999, 2904665, -9483890,160623,38020,-1014,10032, -104
 77601.950, 10995,20222,20093,-99999,-99999,-99999,-9999,-999, 2904629, -9483698,160626,37999, -692, 9954, -104
 77602.950, 10987,20213,20127,-99999,-99999,-99999,-9999,-999, 2904595, -9483504,160626,37989, -419, 9892, -113
 77603.950, 10977,20209,20131,-99999,-99999,-99999,-9999,-999, 2904563, -9483311,160631,37992, -249, 9851, -123
 77604.950, 10973,20186,20119,-99999,-99999,-99999,-9999,-999, 2904534, -9483117,160631,37953, -193, 9824, -130
 77605.950, 10969,20190,20119,-99999,-99999,-99999,-9999,-999, 2904505, -9482923,160634,37965, -131, 9809, -138
 77606.950, 10963,20204,20140,-99999,-99999,-99999,-9999,-999, 2904477, -9482729,160635,37995,  -69, 9810, -152
 77607.950, 10957,20206,20153,-99999,-99999,-99999,-9999,-999, 2904449, -9482536,160642,38006,  -30, 9816, -166
 77608.950, 10953,20209,20130,-99999,-99999,-99999,-9999,-999, 2904422, -9482342,160650,38016,  -27, 9826, -186
 77609.950, 10951,20212,20117,-99999,-99999,-99999,-9999,-999, 2904396, -9482148,160664,38024,  -34, 9837, -202
 77610.950, 10949,20212,20121,-99999,-99999,-99999,-9999,-999, 2904369, -9481955,160674,38025,  -69, 9854, -222
 77611.950, 10948,20217,20124,-99999,-99999,-99999,-9999,-999, 2904342, -9481761,160685,38036, -199, 9870, -234
 77612.950, 10950,20224,20122,-99999,-99999,-99999,-9999,-999, 2904315, -9481568,160690,38046, -540, 9893, -245
 77613.950, 10955,20226,20112,-99999,-99999,-99999,-9999,-999, 2904289, -9481374,160695,38046, -841, 9904, -247
 77614.950, 10959,20218,20152,-99999,-99999,-99999,-9999,-999, 2904263, -9481181,160697,38026,-1290, 9904, -243
 77615.950, 10966,20215,20166,-99999,-99999,-99999,-9999,-999, 2904237, -9480986,160696,38014,-1599, 9889, -238
 77616.950, 10978,20208,20172,-99999,-99999,-99999,-9999,-999, 2904212, -9480792,160697,37990,-1933, 9835, -221
 77617.950, 10995,20191,20136,-99999,-99999,-99999,-9999,-999, 2904188, -9480599,160695,37941,-2020, 9771, -206
 77618.950, 11010,20179,20080,-99999,-99999,-99999,-9999,-999, 2904165, -9480403,160695,37903,-2032, 9651, -192
 77619.950, 11021,20176,20070,-99999,-99999,-99999,-9999,-999, 2904146, -9480208,160696,37887,-2013, 9556, -187
 77620.950, 11030,20174,20067,-99999,-99999,-99999,-9999,-999, 2904129, -9480013,160681,37874,-1989, 9420, -180
 77621.950, 11036,20176,20058,-99999,-99999,-99999,-9999,-999, 2904115, -9479817,160678,37872,-1983, 9293, -174
 77622.950, 11044,20176,20047,-99999,-99999,-99999,-9999,-999, 2904105, -9479620,160663,37865,-1985, 9171, -165
 77623.950, 11053,20173,20023,-99999,-99999,-99999,-9999,-999, 2904099, -9479423,160635,37849,-1986, 9038, -153
 77624.950, 11057,20171,20007,-99999,-99999,-99999,-9999,-999, 2904095, -9479226,160617,37841,-1986, 8917, -139
 77625.950, 11061,20172,20005,-99999,-99999,-99999,-9999,-999, 2904094, -9479029,160594,37840,-1981, 8767, -121
 77626.950, 11064,20183,20020,-99999,-99999,-99999,-9999,-999, 2904098, -9478832,160574,37857,-1976, 8668, -107
 77627.950, 11065,20186,20018,-99999,-99999,-99999,-9999,-999, 2904105, -9478635,160557,37861,-1964, 8532,  -91
 77628.950, 11064,20184,20016,-99999,-99999,-99999,-9999,-999, 2904115, -9478438,160548,37860,-1961, 8417,  -80
 77629.950, 11063,20180,20001,-99999,-99999,-99999,-9999,-999, 2904127, -9478241,160527,37853,-1961, 8306,  -67
 77630.950, 11060,20177,19999,-99999,-99999,-99999,-9999,-999, 2904146, -9478046,160517,37851,-1958, 8216,  -58
 77631.950, 11057,20173,19967,-99999,-99999,-99999,-9999,-999, 2904165, -9477851,160504,37845,-1955, 8088,  -47
 77632.950, 11051,20167,19951,-99999,-99999,-99999,-9999,-999, 2904189, -9477655,160500,37840,-1954, 7998,  -43
 77633.950, 11045,20160,19923,-99999,-99999,-99999,-9999,-999, 2904214, -9477461,160494,37834,-1958, 7875,  -42
 77634.950, 11042,20157,19873,-99999,-99999,-99999,-9999,-999, 2904240, -9477268,160490,37831,-1956, 7789,  -43
 77635.950, 11037,20156,19861,-99999,-99999,-99999,-9999,-999, 2904266, -9477074,160484,37833,-1947, 7667,  -48
 77636.950, 11033,20151,19845,-99999,-99999,-99999,-9999,-999, 2904294, -9476890,160481,37829,-1941, 7585,  -51
 77637.950, 11028,20147,19822,-99999,-99999,-99999,-9999,-999, 2904346, -9476695,160468,37825,-1939, 7469,  -56
 77638.950, 11026,20146,19792,-99999,-99999,-99999,-9999,-999, 2904390, -9476504,160462,37826,-1933, 7370,  -65
 77639.950, 11024,20146,19784,-99999,-99999,-99999,-9999,-999, 2904431, -9476314,160457,37827,-1935, 7279,  -73
 77640.950, 11021,20142,19779,-99999,-99999,-99999,-9999,-999, 2904486, -9476130,160450,37822,-1941, 7176,  -78
 77641.950, 11021,20138,19766,-99999,-99999,-99999,-9999,-999, 2904538, -9475943,160444,37816,-1937, 7080,  -83
 77642.950, 11020,20137,19745,-99999,-99999,-99999,-9999,-999, 2904589, -9475758,160439,37813,-1932, 6965,  -89
 77643.950, 11020,20137,19744,-99999,-99999,-99999,-9999,-999, 2904643, -9475576,160434,37814,-1930, 6883,  -94
 77644.950, 11021,20137,19719,-99999,-99999,-99999,-9999,-999, 2904711, -9475391,160438,37813,-1933, 6763,  -97
 77645.950, 11022,20134,19692,-99999,-99999,-99999,-9999,-999, 2904775, -9475210,160436,37808,-1926, 6662, -102
 77646.950, 11020,20131,19683,-99999,-99999,-99999,-9999,-999, 2904837, -9475029,160431,37804,-1925, 6569, -107
 77647.950, 11017,20127,19688,-99999,-99999,-99999,-9999,-999, 2904908, -9474851,160427,37797,-1930, 6453, -110
 77648.950, 11017,20125,19685,-99999,-99999,-99999,-9999,-999, 2904981, -9474674,160432,37795,-1931, 6372, -112
 77649.950, 11015,20125,19691,-99999,-99999,-99999,-9999,-999, 2905056, -9474499,160436,37796,-1936, 6258, -116
