flight/ER2/SEAC4RS-MMS-1HZ_ER2_20130816_RA.ict
49, 1001                                                                                                                                                                                                
Bui, T. Paul                                                                                                                                                                                            
NASA Ames Research Center                                                                                                                                                                               
MMS - Meteorological Measurement System                                                                                                                                                                 
SEAC4RS                                                                                                                                                                                                 
1, 1                                                                                                                                                                                                    
2013, 08, 16, 2013, 08, 16                                                                                                                                                                              
-1                                                                                                                                                                                                      
TIME_UTC, seconds, elapsed time from 0000 UTC                                                                                                                                                           
15                                                                                                                                                                                                      
0.01, 0.01, 0.01, 0.01, 0.01, 0.001, 0.01, 0.01, 0.00001, 0.00001, 0.1, 0.01, 0.01, 0.01, 0.01                                                                                                          
-99999, -9999, -9999, -99999, -99999, -99999, -9999, -999, -9999999, -99999999, -99999, -9999, -9999, -9999, -9999                                                                                      
P, hPa, Static Pressure                                                                                                                                                                                 
T, K, Static Temperature                                                                                                                                                                                
TAS, m/s, True Air Speed                                                                                                                                                                                
U, m/s, E-W Horizontal Wind Speed                                                                                                                                                                       
[...]
DM_CONTACT_INFO: Jon Dean-Day, Bay Area Environmental Research Institute, 596 First St.                                                                                                                 
West, Sonoma, CA, 95476; email: jonathan.m.dean-day@nasa.gov                                                                                                                                            
PROJECT_INFO: SEAC4RS mission August 1 - September 30, 2013; Houston, TX                                                                                                                                
OTHER_COMMENTS:                                                                                                                                                                                         
..\cv\e_130816.cva                                                                                                                                                                                      
REVISION: RA                                                                                                                                                                                            
RA: Preliminary FIELD DATA, Not funded for 3D Winds                                                                                                                                                     
TIME_UTC, P, T, TAS, U, V, W, TEDR, REYN, G_LAT, G_LONG, G_ALT, POT, ROLL, HDG, PITCH                                                                                                                   
[from data line 27715]
 78756.200, 93955,29834, 8327,-99999,-99999,-99999,-9999,-999, 2944777, -9517820,  6568,30370,-1758, 5583, -233
 78757.200, 93963,29837, 8484,-99999,-99999,-99999,-9999,-999, 2944819, -9517755,  6535,30372,-1825, 5343, -234
 78758.200, 93977,29833, 8550,-99999,-99999,-99999,-9999,-999, 2944863, -9517690,  6508,30367,-1499, 4898, -237
 78759.200, 93977,29833, 8636,-99999,-99999,-99999,-9999,-999, 2944911, -9517625,  6481,30367,-1272, 4700, -196
 78760.200, 94018,29831, 8680,-99999,-99999,-99999,-9999,-999, 2944960, -9517562,  6456,30362,-1060, 4671, -151
 78761.200, 93974,29832, 8719,-99999,-99999,-99999,-9999,-999, 2945012, -9517501,  6432,30366, -999, 4627, -169
 78762.200, 93981,29835, 8734,-99999,-99999,-99999,-9999,-999, 2945066, -9517442,  6411,30369,-1039, 4506, -118
 78763.200, 94040,29840, 8744,-99999,-99999,-99999,-9999,-999, 2945121, -9517383,  6389,30368,-1157, 4284,  -52
 78764.200, 94021,29838, 8842,-99999,-99999,-99999,-9999,-999, 2945178, -9517325,  6365,30368,-1148, 4128,  -24
 78765.200, 94014,29837, 8868,-99999,-99999,-99999,-9999,-999, 2945236, -9517269,  6346,30368,-1188, 4070,    7
 78766.200, 94032,29840, 8824,-99999,-99999,-99999,-9999,-999, 2945296, -9517213,  6330,30369,-1175, 4020,   34
 78767.200, 93987,29833, 8913,-99999,-99999,-99999,-9999,-999, 2945358, -9517159,  6316,30366,-1118, 3937,   14
 78768.200, 93987,29831, 8909,-99999,-99999,-99999,-9999,-999, 2945421, -9517107,  6303,30365,-1007, 3694,  -20
 78769.200, 93953,29833, 9082,-99999,-99999,-99999,-9999,-999, 2945485, -9517056,  6295,30369, -961, 3415, -129
 78770.200, 93904,29831, 9090,-99999,-99999,-99999,-9999,-999, 2945551, -9517006,  6289,30372, -873, 3292, -170
 78771.200, 93935,29836, 9010,-99999,-99999,-99999,-9999,-999, 2945617, -9516958,  6286,30374, -872, 3281, -165
 78772.200, 93885,29829, 9070,-99999,-99999,-99999,-9999,-999, 2945685, -9516912,  6281,30372, -907, 3345, -139
 78773.200, 93911,29832, 9035,-99999,-99999,-99999,-9999,-999, 2945753, -9516867,  6279,30372, -920, 3308, -110
 78774.200, 93910,29829, 9018,-99999,-99999,-99999,-9999,-999, 2945821, -9516823,  6275,30370, -917, 3126, -126
 78775.200, 93906,29835, 9002,-99999,-99999,-99999,-9999,-999, 2945890, -9516781,  6271,30376,-1061, 2988, -136
 78776.200, 93906,29837, 9088,-99999,-99999,-99999,-9999,-999, 2945960, -9516740,  6268,30377,-1102, 2789,  -84
 78777.200, 93884,29830, 8998,-99999,-99999,-99999,-9999,-999, 2946030, -9516700,  6266,30373,-1115, 2509,  -68
 78778.200, 93877,29833, 8872,-99999,-99999,-99999,-9999,-999, 2946101, -9516663,  6268,30376, -973, 2346,  -74
 78779.200, 93848,29832, 8844,-99999,-99999,-99999,-9999,-999, 2946173, -9516627,  6272,30378, -813, 2296,  -60
 78780.200, 93809,29826, 8873,-99999,-99999,-99999,-9999,-999, 2946245, -9516593,  6280,30376, -709, 2267,  -38
 78781.200, 93823,29826, 8814,-99999,-99999,-99999,-9999,-999, 2946318, -9516561,  6287,30374, -717, 2122,  -15
 78782.200, 93824,29828, 8699,-99999,-99999,-99999,-9999,-999, 2946390, -9516531,  6292,30376, -613, 2005,  -67
 78783.200, 93804,29826, 8658,-99999,-99999,-99999,-9999,-999, 2946462, -9516502,  6296,30376, -448, 2023,  -99
 78784.200, 93780,29823, 8599,-99999,-99999,-99999,-9999,-999, 2946534, -9516474,  6305,30375, -431, 2053, -111
 78785.200, 93756,29817, 8603,-99999,-99999,-99999,-9999,-999, 2946606, -9516448,  6315,30371, -434, 1952,  -23
 78786.200, 93770,29819, 8536,-99999,-99999,-99999,-9999,-999, 2946678, -9516424,  6325,30372, -464, 1858,   -2
 78787.200, 93735,29817, 8493,-99999,-99999,-99999,-9999,-999, 2946750, -9516400,  6334,30373, -435, 1777,  -17
 78788.200, 93736,29814, 8450,-99999,-99999,-99999,-9999,-999, 2946822, -9516377,  6346,30370, -279, 1770,   -3
 78789.200, 93727,29815, 8338,-99999,-99999,-99999,-9999,-999, 2946893, -9516355,  6355,30372, -353, 1749,   41
 78790.200, 93744,29816, 8186,-99999,-99999,-99999,-9999,-999, 2946965, -9516334,  6368,30371, -417, 1617,  177
 78791.200, 93723,29817, 8022,-99999,-99999,-99999,-9999,-999, 2947036, -9516314,  6379,30375, -427, 1569,  243
 78792.200, 93682,29820, 7863,-99999,-99999,-99999,-9999,-999, 2947106, -9516295,  6396,30381, -412, 1469,  270
 78793.200, 93662,29823, 7720,-99999,-99999,-99999,-9999,-999, 2947175, -9516278,  6415,30386, -422, 1279,  294
 78794.200, 93629,29824, 7547,-99999,-99999,-99999,-9999,-999, 2947244, -9516261,  6437,30390, -217, 1096,  216
 78795.200, 93618,29826, 7430,-99999,-99999,-99999,-9999,-999, 2947312, -9516246,  6451,30393,  115, 1055,  227
 78796.200, 93592,29820, 7373,-99999,-99999,-99999,-9999,-999, 2947378, -9516231,  6461,30390,  135, 1013,  146
 78797.200, 93555,29817, 7313,-99999,-99999,-99999,-9999,-999, 2947444, -9516217,  6474,30390, -103,  965,  155
 78798.200, 93557,29812, 7213,-99999,-99999,-99999,-9999,-999, 2947508, -9516204,  6481,30384,   66,  940,  163
 78799.200, 93518,29805, 7204,-99999,-99999,-99999,-9999,-999, 2947571, -9516192,  6485,30382,  207,  842,   48
 78800.200, 93530,29805, 7082,-99999,-99999,-99999,-9999,-999, 2947634, -9516180,  6488,30380,  171,  682,  134
 78801.200, 93553,29813, 6984,-99999,-99999,-99999,-9999,-999, 2947696, -9516168,  6500,30386,   35,  692,  154
 78802.200, 93551,29804, 6958,-99999,-99999,-99999,-9999,-999, 2947757, -9516157,  6513,30377, -233,  785,  158
 78803.200, 93523,29798, 6988,-99999,-99999,-99999,-9999,-999, 2947818, -9516146,  6525,30373, -345,  798,  137
 78804.200, 93518,29793, 6938,-99999,-99999,-99999,-9999,-999, 2947878, -9516136,  6534,30369, -718,  737,  130
 78805.200, 93519,29794, 6880,-99999,-99999,-99999,-9999,-999, 2947938, -9516126,  6547,30370, -796,  668,  117
 78806.200, 93504,29792, 6833,-99999,-99999,-99999,-9999,-999, 2947998, -9516117,  6555,30369, -773,  615,  128
 78807.200, 93493,29795, 6677,-99999,-99999,-99999,-9999,-999, 2948058, -9516110,  6569,30374, -626,  669,  165
 78808.200, 93487,29797, 6657,-99999,-99999,-99999,-9999,-999, 2948117, -9516104,  6576,30376, -462,  708,  153
 78809.200, 93484,29797, 6596,-99999,-99999,-99999,-9999,-999, 2948176, -9516100,  6584,30377, -401,  606,  193
 78810.200, 93490,29797, 6563,-99999,-99999,-99999,-9999,-999, 2948235, -9516097,  6591,30376, -360,  473,  204
 78811.200, 93490,29793, 6487,-99999,-99999,-99999,-9999,-999, 2948293, -9516095,  6596,30372, -324,  325,  243
 78812.200, 93504,29798, 6368,-99999,-99999,-99999,-9999,-999, 2948351, -9516094,  6603,30375, -343,  237,  251
 78813.200, 93504,29800, 6331,-99999,-99999,-99999,-9999,-999, 2948407, -9516094,  6609,30377, -534,  169,  207
 78814.200, 93509,29801, 6193,-99999,-99999,-99999,-9999,-999, 2948464, -9516095,  6625,30378, -566,  171,  264
 78815.200, 93500,29800, 6216,-99999,-99999,-99999,-9999,-999, 2948520, -9516097,  6638,30378, -526,   79,  242
 78816.200, 93494,29800, 6159,-99999,-99999,-99999,-9999,-999, 2948575, -9516100,  6653,30378, -181,35935,  260
 78817.200, 93480,29799, 6066,-99999,-99999,-99999,-9999,-999, 2948631, -9516104,  6661,30379,   56,35896,  222
 78818.200, 93455,29804, 5978,-99999,-99999,-99999,-9999,-999, 2948685, -9516108,  6674,30386,  139,35937,  128
 78819.200, 93437,29797, 6006,-99999,-99999,-99999,-9999,-999, 2948740, -9516114,  6692,30380,   25,35952,   67
 78820.200, 93433,29793, 5948,-99999,-99999,-99999,-9999,-999, 2948794, -9516120,  6709,30377,  -29,35951,   95
 78821.200, 93446,29797, 5915,-99999,-99999,-99999,-9999,-999, 2948847, -9516125,  6718,30379,  191,35968,  138
 78822.200, 93452,29795, 5798,-99999,-99999,-99999,-9999,-999, 2948900, -9516131,  6727,30377,  187,   39,   76
 78823.200, 93441,29796, 5930,-99999,-99999,-99999,-9999,-999, 2948953, -9516136,  6739,30379,  171,   88,   10
 78824.200, 93469,29796, 6085,-99999,-99999,-99999,-9999,-999, 2949006, -9516142,  6752,30376,  169,   66,   91
 78825.200, 93505,29794, 5932,-99999,-99999,-99999,-9999,-999, 2949059, -9516147,  6762,30371,   78,35949,   87
 78826.200, 93539,29795, 5868,-99999,-99999,-99999,-9999,-999, 2949111, -9516152,  6768,30369,   21,35973,   70
 78827.200, 93580,29797, 5885,-99999,-99999,-99999,-9999,-999, 2949163, -9516157,  6777,30367,   49,  129,  108
 78828.200, 93615,29800, 5734,-99999,-99999,-99999,-9999,-999, 2949215, -9516162,  6786,30367,   14,  144,   50
 78829.200, 93649,29802, 5735,-99999,-99999,-99999,-9999,-999, 2949267, -9516167,  6776,30366,  270,  159,  -13
 78830.200, 93687,29803, 5764,-99999,-99999,-99999,-9999,-999, 2949318, -9516172,  6780,30363,  228,  175,   66
 78831.200, 93724,29808, 5700,-99999,-99999,-99999,-9999,-999, 2949369, -9516177,  6767,30365,  172,  191,   17
 78832.200, 93762,29809, 5727,-99999,-99999,-99999,-9999,-999, 2949420, -9516181,  6748,30363,  165,  192,  -26
 78833.200, 93803,29813, 5802,-99999,-99999,-99999,-9999,-999, 2949471, -9516185,  6727,30363,  202,  198, -264
 78834.200, 93847,29811, 5880,-99999,-99999,-99999,-9999,-999, 2949522, -9516190,  6706,30357,  355,  214, -360
 78835.200, 93902,29812, 5900,-99999,-99999,-99999,-9999,-999, 2949573, -9516194,  6680,30353,  382,  203, -415
 78836.200, 93968,29815, 5932,-99999,-99999,-99999,-9999,-999, 2949625, -9516197,  6651,30350,  341,  240, -458
 78837.200, 94043,29819, 5963,-99999,-99999,-99999,-9999,-999, 2949676, -9516200,  6617,30346,  267,  303, -467
 78838.200, 94114,29825, 5942,-99999,-99999,-99999,-9999,-999, 2949728, -9516204,  6579,30347,  231,  372, -492
 78839.200, 94196,29832, 5947,-99999,-99999,-99999,-9999,-999, 2949780, -9516206,  6536,30346,  230,  377, -520
 78840.200, 94272,29837, 5963,-99999,-99999,-99999,-9999,-999, 2949833, -9516208,  6490,30344,  217,  350, -561
 78841.200, 94353,29844, 5945,-99999,-99999,-99999,-9999,-999, 2949886, -9516210,  6440,30344,  155,  335, -557
 78842.200, 94440,29856, 5960,-99999,-99999,-99999,-9999,-999, 2949939, -9516210,  6387,30348,  120,  380, -561
 78843.200, 94518,29863, 6050,-99999,-99999,-99999,-9999,-999, 2949992, -9516212,  6330,30347,   83,  397, -584
 78844.200, 94594,29869, 6031,-99999,-99999,-99999,-9999,-999, 2950046, -9516212,  6271,30347,   74,  351, -568
 78845.200, 94667,29876, 6017,-99999,-99999,-99999,-9999,-999, 2950100, -9516213,  6212,30348,   24,  310, -641
 78846.200, 94715,29880, 5982,-99999,-99999,-99999,-9999,-999, 2950154, -9516213,  6153,30347,    9,  297, -662
 78847.200, 94773,29884, 5960,-99999,-99999,-99999,-9999,-999, 2950208, -9516214,  6096,30346,    1,  322, -641
 78848.200, 94841,29891, 5881,-99999,-99999,-99999,-9999,-999, 2950261, -9516215,  6038,30347,  254,  335, -580
 78849.200, 94884,29897, 5821,-99999,-99999,-99999,-9999,-999, 2950315, -9516216,  5980,30349,  262,  302, -592
 78850.200, 94917,29899, 5794,-99999,-99999,-99999,-9999,-999, 2950367, -9516217,  5924,30348,  441,  345, -532
 78851.200, 94986,29906, 5616,-99999,-99999,-99999,-9999,-999, 2950420, -9516217,  5869,30349,  339,  476, -405
 78852.200, 95028,29910, 5484,-99999,-99999,-99999,-9999,-999, 2950471, -9516217,  5813,30349,  458,  599, -391
 78853.200, 95056,29912, 5316,-99999,-99999,-99999,-9999,-999, 2950522, -9516217,  5760,30349,  354,  690, -369
 78854.200, 95095,29915, 5218,-99999,-99999,-99999,-9999,-999, 2950572, -9516217,  5709,30348,  289,  730, -393
 78855.200, 95116,29918, 5307,-99999,-99999,-99999,-9999,-999, 2950621, -9516216,  5659,30349,  292,  735, -411
 78856.200, 95151,29924, 5267,-99999,-99999,-99999,-9999,-999, 2950670, -9516214,  5609,30352,   89,  567, -395
 78857.200, 95191,29923, 5239,-99999,-99999,-99999,-9999,-999, 2950717, -9516213,  5559,30348,   24,  488, -399
 78858.200, 95238,29932, 5196,-99999,-99999,-99999,-9999,-999, 2950764, -9516210,  5508,30352, -239,  349, -442
 78859.200, 95297,29929, 5256,-99999,-99999,-99999,-9999,-999, 2950811, -9516208,  5455,30344, -249,  325, -472
 78860.200, 95341,29936, 5349,-99999,-99999,-99999,-9999,-999, 2950858, -9516207,  5402,30346, -328,  328, -467
 78861.200, 95404,29936, 5421,-99999,-99999,-99999,-9999,-999, 2950905, -9516204,  5349,30341, -398,  324, -416
 78862.200, 95453,29945, 5495,-99999,-99999,-99999,-9999,-999, 2950954, -9516204,  5294,30346, -467,  335, -443
 78863.200, 95497,29949, 5522,-99999,-99999,-99999,-9999,-999, 2951004, -9516204,  5239,30346, -281,  369, -479
 78864.200, 95548,29956, 5481,-99999,-99999,-99999,-9999,-999, 2951054, -9516204,  5187,30348, -176,  310, -467
 78865.200, 95602,29967, 5505,-99999,-99999,-99999,-9999,-999, 2951104, -9516206,  5132,30354, -122,  142, -375
 78866.200, 95658,29954, 5543,-99999,-99999,-99999,-9999,-999, 2951154, -9516207,  5077,30336,   77,  106, -343
 78867.200, 95695,29962, 5579,-99999,-99999,-99999,-9999,-999, 2951204, -9516210,  5023,30341,  468,  202, -367
 78868.200, 95737,29961, 5584,-99999,-99999,-99999,-9999,-999, 2951254, -9516213,  4970,30336,  422,  186, -358
 78869.200, 95778,29965, 5497,-99999,-99999,-99999,-9999,-999, 2951304, -9516215,  4919,30336,  433,  199, -273
 78870.200, 95817,29969, 5544,-99999,-99999,-99999,-9999,-999, 2951354, -9516217,  4869,30337,  511,  324, -330
 78871.200, 95823,29964, 5568,-99999,-99999,-99999,-9999,-999, 2951404, -9516219,  4822,30332,  329,  424, -358
 78872.200, 95853,29968, 5505,-99999,-99999,-99999,-9999,-999, 2951454, -9516220,  4777,30332,  141,  425, -317
 78873.200, 95898,29969, 5506,-99999,-99999,-99999,-9999,-999, 2951505, -9516220,  4733,30330,  130,  466, -352
 78874.200, 95926,29975, 5513,-99999,-99999,-99999,-9999,-999, 2951556, -9516220,  4689,30334,   25,  462, -306
 78875.200, 95956,29981, 5410,-99999,-99999,-99999,-9999,-999, 2951606, -9516220,  4647,30336,  -48,  480, -285
 78876.200, 95973,29982, 5332,-99999,-99999,-99999,-9999,-999, 2951656, -9516219,  4607,30336, -286,  411, -274
 78877.200, 95984,29983, 5287,-99999,-99999,-99999,-9999,-999, 2951706, -9516219,  4570,30336, -332,  412, -247
 78878.200, 95994,29984, 5190,-99999,-99999,-99999,-9999,-999, 2951755, -9516219,  4535,30337,  -87,  462, -160
 78879.200, 96019,29985, 5173,-99999,-99999,-99999,-9999,-999, 2951804, -9516220,  4502,30335,  155,  510, -176
 78880.200, 96038,29987, 5146,-99999,-99999,-99999,-9999,-999, 2951852, -9516220,  4469,30336,  165,  543, -132
 78881.200, 96064,29989, 5138,-99999,-99999,-99999,-9999,-999, 2951900, -9516223,  4437,30335,  101,  531, -121
 78882.200, 96083,29991, 5130,-99999,-99999,-99999,-9999,-999, 2951947, -9516224,  4405,30335,  -62,  469, -144
 78883.200, 96105,29993, 5130,-99999,-99999,-99999,-9999,-999, 2951995, -9516226,  4370,30335,  -89,  373, -155
 78884.200, 96130,29994, 5129,-99999,-99999,-99999,-9999,-999, 2952042, -9516227,  4334,30334,   -4,  334, -112
 78885.200, 96153,29997, 5145,-99999,-99999,-99999,-9999,-999, 2952089, -9516229,  4308,30335,  -17,  271, -122
 78886.200, 96177,29999, 5193,-99999,-99999,-99999,-9999,-999, 2952136, -9516230,  4271,30335,  -66,  209,  -77
 78887.200, 96208,30001, 5167,-99999,-99999,-99999,-9999,-999, 2952185, -9516233,  4238,30334,  177,  244,  -86
 78888.200, 96230,30004, 5181,-99999,-99999,-99999,-9999,-999, 2952232, -9516236,  4204,30335,  231,  270, -134
 78889.200, 96252,30005, 5208,-99999,-99999,-99999,-9999,-999, 2952280, -9516239,  4177,30335,  268,  346, -129
 78890.200, 96279,30010, 5205,-99999,-99999,-99999,-9999,-999, 2952327, -9516241,  4147,30337,  268,  361, -125
 78891.200, 96307,30013, 5226,-99999,-99999,-99999,-9999,-999, 2952375, -9516242,  4117,30337,  173,  392, -160
 78892.200, 96322,30016, 5199,-99999,-99999,-99999,-9999,-999, 2952423, -9516244,  4088,30339, -109,  359, -199
 78893.200, 96347,30018, 5248,-99999,-99999,-99999,-9999,-999, 2952472, -9516246,  4059,30338,  -45,  342, -152
 78894.200, 96369,30020, 5278,-99999,-99999,-99999,-9999,-999, 2952520, -9516247,  4024,30339,   26,  336,  -84
 78895.200, 96396,30024, 5443,-99999,-99999,-99999,-9999,-999, 2952569, -9516249,  4004,30341,  -75,  301,  -36
 78896.200, 96401,30024, 5559,-99999,-99999,-99999,-9999,-999, 2952618, -9516250,  3977,30340,   45,  306,  -57
 78897.200, 96417,30020, 5493,-99999,-99999,-99999,-9999,-999, 2952667, -9516252,  3943,30335,  237,  280,   -9
