flight/ER2/SEAC4RS-MMS-1HZ_ER2_20130814_RA.ict
49, 1001                                                                                                                                                                                                
Bui, T. Paul                                                                                                                                                                                            
NASA Ames Research Center                                                                                                                                                                               
MMS - Meteorological Measurement System                                                                                                                                                                 
SEAC4RS                                                                                                                                                                                                 
1, 1                                                                                                                                                                                                    
2013, 08, 14, 2013, 08, 14                                                                                                                                                                              
-1                                                                                                                                                                                                      
TIME_UTC, seconds, elapsed time from 0000 UTC                                                                                                                                                           
15                                                                                                                                                                                                      
0.01, 0.01, 0.01, 0.01, 0.01, 0.001, 0.01, 0.01, 0.00001, 0.00001, 0.1, 0.01, 0.01, 0.01, 0.01                                                                                                          
-99999, -9999, -9999, -99999, -99999, -99999, -9999, -999, -9999999, -99999999, -99999, -9999, -9999, -9999, -9999                                                                                      
P, hPa, Static Pressure                                                                                                                                                                                 
T, K, Static Temperature                                                                                                                                                                                
TAS, m/s, True Air Speed                                                                                                                                                                                
U, m/s, E-W Horizontal Wind Speed                                                                                                                                                                       
[...]
DM_CONTACT_INFO: Jon Dean-Day, Bay Area Environmental Research Institute, 596 First St.                                                                                                                 
West, Sonoma, CA, 95476; email: jonathan.m.dean-day@nasa.gov                                                                                                                                            
PROJECT_INFO: SEAC4RS mission August 1 - September 30, 2013; Houston, TX                                                                                                                                
OTHER_COMMENTS:                                                                                                                                                                                         
..\cv\e_130814.cva                                                                                                                                                                                      
REVISION: RA                                                                                                                                                                                            
RA: Preliminary FIELD DATA, Not funded for 3D Winds                                                                                                                                                     
TIME_UTC, P, T, TAS, U, V, W, TEDR, REYN, G_LAT, G_LONG, G_ALT, POT, ROLL, HDG, PITCH                                                                                                                   
[from data line 8001]
 64175.800, 12665,20569,18572,-99999,-99999,-99999,-9999,-999, 3590342, -9697850,152224,37120,   45, 3779, -310
 64176.800, 12679,20571,18542,-99999,-99999,-99999,-9999,-999, 3590460, -9697710,152167,37112,   40, 3774, -314
 64177.800, 12694,20577,18506,-99999,-99999,-99999,-9999,-999, 3590577, -9697570,152108,37110,   35, 3768, -314
 64178.800, 12709,20584,18481,-99999,-99999,-99999,-9999,-999, 3590695, -9697431,152047,37110,   45, 3762, -317
 64179.800, 12721,20581,18481,-99999,-99999,-99999,-9999,-999, 3590812, -9697291,151986,37094,   37, 3754, -321
 64180.800, 12739,20581,18450,-99999,-99999,-99999,-9999,-999, 3590929, -9697151,151924,37081,   38, 3751, -319
 64181.800, 12752,20581,18411,-99999,-99999,-99999,-9999,-999, 3591047, -9697013,151861,37069,   48, 3743, -323
 64182.800, 12768,20579,18372,-99999,-99999,-99999,-9999,-999, 3591164, -9696873,151799,37053,   51, 3736, -324
 64183.800, 12782,20578,18332,-99999,-99999,-99999,-9999,-999, 3591281, -9696733,151735,37040,   46, 3732, -329
 64184.800, 12799,20580,18284,-99999,-99999,-99999,-9999,-999, 3591398, -9696594,151670,37029,   45, 3730, -331
 64185.800, 12815,20577,18260,-99999,-99999,-99999,-9999,-999, 3591516, -9696455,151605,37010,   41, 3726, -335
 64186.800, 12831,20575,18230,-99999,-99999,-99999,-9999,-999, 3591633, -9696315,151541,36992,   37, 3723, -339
 64187.800, 12851,20573,18161,-99999,-99999,-99999,-9999,-999, 3591750, -9696176,151475,36974,   35, 3722, -342
 64188.800, 12866,20571,18138,-99999,-99999,-99999,-9999,-999, 3591867, -9696037,151402,36957,   34, 3720, -347
 64189.800, 12883,20570,18119,-99999,-99999,-99999,-9999,-999, 3591984, -9695897,151334,36942,   41, 3722, -346
 64190.800, 12902,20574,18089,-99999,-99999,-99999,-9999,-999, 3592102, -9695758,151258,36933,   53, 3722, -351
 64191.800, 12920,20568,18069,-99999,-99999,-99999,-9999,-999, 3592220, -9695618,151182,36907,   53, 3720, -356
 64192.800, 12939,20560,18039,-99999,-99999,-99999,-9999,-999, 3592337, -9695479,151110,36878,   49, 3721, -360
 64193.800, 12959,20552,17999,-99999,-99999,-99999,-9999,-999, 3592455, -9695339,151029,36846,   50, 3726, -362
 64194.800, 12978,20540,17954,-99999,-99999,-99999,-9999,-999, 3592572, -9695200,150948,36810,   51, 3730, -364
 64195.800, 12999,20531,17900,-99999,-99999,-99999,-9999,-999, 3592690, -9695060,150872,36778,   56, 3738, -368
 64196.800, 13020,20523,17855,-99999,-99999,-99999,-9999,-999, 3592807, -9694921,150788,36746,   58, 3745, -366
 64197.800, 13040,20485,17822,-99999,-99999,-99999,-9999,-999, 3592925, -9694781,150704,36662,   58, 3757, -366
 64198.800, 13059,20466,17841,-99999,-99999,-99999,-9999,-999, 3593043, -9694641,150619,36613,   51, 3771, -367
 64199.800, 13079,20461,17857,-99999,-99999,-99999,-9999,-999, 3593161, -9694502,150538,36588,   65, 3777, -362
 64200.800, 13096,20461,17871,-99999,-99999,-99999,-9999,-999, 3593279, -9694361,150450,36573,   66, 3768, -361
 64201.800, 13115,20464,17881,-99999,-99999,-99999,-9999,-999, 3593397, -9694222,150362,36564,   49, 3755, -354
 64202.800, 13136,20468,17879,-99999,-99999,-99999,-9999,-999, 3593515, -9694081,150275,36554,   46, 3751, -349
 64203.800, 13155,20473,17875,-99999,-99999,-99999,-9999,-999, 3593633, -9693941,150186,36550,   52, 3745, -344
 64204.800, 13171,20476,17897,-99999,-99999,-99999,-9999,-999, 3593751, -9693801,150098,36541,   52, 3742, -340
 64205.800, 13189,20478,17910,-99999,-99999,-99999,-9999,-999, 3593869, -9693660,150010,36530,   53, 3738, -334
 64206.800, 13206,20483,17906,-99999,-99999,-99999,-9999,-999, 3593987, -9693520,149923,36526,   50, 3729, -331
 64207.800, 13223,20486,17902,-99999,-99999,-99999,-9999,-999, 3594105, -9693379,149836,36518,   47, 3723, -328
 64208.800, 13239,20486,17903,-99999,-99999,-99999,-9999,-999, 3594223, -9693239,149754,36505,   47, 3718, -323
 64209.800, 13254,20488,17898,-99999,-99999,-99999,-9999,-999, 3594341, -9693099,149668,36497,   50, 3709, -323
 64210.800, 13269,20489,17896,-99999,-99999,-99999,-9999,-999, 3594459, -9692958,149584,36487,   43, 3699, -321
 64211.800, 13286,20486,17882,-99999,-99999,-99999,-9999,-999, 3594577, -9692818,149500,36469,   37, 3697, -315
 64212.800, 13302,20472,17849,-99999,-99999,-99999,-9999,-999, 3594695, -9692678,149417,36431,   45, 3692, -313
 64213.800, 13317,20462,17842,-99999,-99999,-99999,-9999,-999, 3594814, -9692536,149355,36402,   50, 3677, -312
 64214.800, 13333,20462,17844,-99999,-99999,-99999,-9999,-999, 3594932, -9692396,149293,36389,   43, 3672, -312
 64215.800, 13349,20457,17824,-99999,-99999,-99999,-9999,-999, 3595050, -9692256,149218,36367,   41, 3672, -308
 64216.800, 13364,20454,17791,-99999,-99999,-99999,-9999,-999, 3595168, -9692115,149142,36351,   51, 3674, -306
 64217.800, 13377,20455,17787,-99999,-99999,-99999,-9999,-999, 3595286, -9691974,149066,36343,   62, 3675, -312
 64218.800, 13394,20460,17764,-99999,-99999,-99999,-9999,-999, 3595405, -9691833,148990,36337,   58, 3672, -313
 64219.800, 13409,20464,17766,-99999,-99999,-99999,-9999,-999, 3595523, -9691693,148915,36334,   46, 3673, -316
 64220.800, 13424,20469,17763,-99999,-99999,-99999,-9999,-999, 3595630, -9691565,148869,36330,   43, 3673, -317
 64221.800, 13440,20474,17766,-99999,-99999,-99999,-9999,-999, 3595726, -9691450,148841,36326,   44, 3674, -318
 64222.800, 13456,20477,17753,-99999,-99999,-99999,-9999,-999, 3595814, -9691346,148824,36319,   49, 3675, -319
 64223.800, 13473,20481,17740,-99999,-99999,-99999,-9999,-999, 3595893, -9691252,148814,36314,   55, 3673, -320
 64224.800, 13488,20484,17739,-99999,-99999,-99999,-9999,-999, 3595965, -9691166,148807,36307,   55, 3670, -324
 64225.800, 13504,20484,17735,-99999,-99999,-99999,-9999,-999, 3596029, -9691089,148804,36295,   54, 3665, -326
 64226.800, 13521,20484,17726,-99999,-99999,-99999,-9999,-999, 3596088, -9691020,148801,36282,   53, 3662, -327
 64227.800, 13538,20489,17725,-99999,-99999,-99999,-9999,-999, 3596141, -9690956,148800,36278,   48, 3658, -331
 64228.800, 13554,20492,17736,-99999,-99999,-99999,-9999,-999, 3596189, -9690899,148799,36272,   46, 3660, -333
 64229.800, 13572,20498,17734,-99999,-99999,-99999,-9999,-999, 3596232, -9690847,148799,36268,   53, 3662, -332
 64230.800, 13587,20500,17738,-99999,-99999,-99999,-9999,-999, 3596272, -9690801,148798,36260,   54, 3661, -333
 64231.800, 13605,20505,17731,-99999,-99999,-99999,-9999,-999, 3596307, -9690758,148798,36256,   39, 3664, -333
 64232.800, 13621,20503,17772,-99999,-99999,-99999,-9999,-999, 3596340, -9690720,148798,36239,   38, 3668, -331
 64233.800, 13639,20506,17775,-99999,-99999,-99999,-9999,-999, 3596368, -9690685,148798,36230,   41, 3674, -327
 64234.800, 13656,20514,17756,-99999,-99999,-99999,-9999,-999, 3596395, -9690653,148798,36232,   44, 3680, -327
 64235.800, 13671,20519,17760,-99999,-99999,-99999,-9999,-999, 3596419, -9690625,148798,36231,   57, 3682, -325
 64236.800, 13688,20526,17763,-99999,-99999,-99999,-9999,-999, 3596441, -9690599,148798,36229,   54, 3681, -325
 64237.800, 13705,20531,17766,-99999,-99999,-99999,-9999,-999, 3597674, -9689135,148784,36226,   54, 3683, -323
 64238.800, 13722,20540,17748,-99999,-99999,-99999,-9999,-999, 3597804, -9689007,148674,36229,   58, 3687, -321
 64239.800, 13736,20543,17765,-99999,-99999,-99999,-9999,-999, 3597918, -9688870,148496,36223,   57, 3688, -321
 64240.800, 13753,20550,17756,-99999,-99999,-99999,-9999,-999, 3598021, -9688735,148332,36222,   51, 3691, -320
 64241.800, 13770,20553,17765,-99999,-99999,-99999,-9999,-999, 3598141, -9688594,148096,36215,   45, 3697, -317
 64242.800, 13786,20557,17757,-99999,-99999,-99999,-9999,-999, 3598258, -9688452,147901,36211,   44, 3700, -315
 64243.800, 13801,20564,17736,-99999,-99999,-99999,-9999,-999, 3598375, -9688311,147735,36210,   46, 3705, -314
 64244.800, 13817,20570,17726,-99999,-99999,-99999,-9999,-999, 3598491, -9688171,147590,36210,   50, 3708, -314
 64245.800, 13835,20578,17715,-99999,-99999,-99999,-9999,-999, 3598608, -9688030,147459,36210,   53, 3709, -315
 64246.800, 13848,20582,17721,-99999,-99999,-99999,-9999,-999, 3598726, -9687890,147340,36208,   50, 3707, -316
 64247.800, 13866,20588,17706,-99999,-99999,-99999,-9999,-999, 3598843, -9687749,147230,36205,   47, 3707, -316
 64248.800, 13883,20595,17694,-99999,-99999,-99999,-9999,-999, 3598960, -9687609,147125,36205,   48, 3712, -317
 64249.800, 13898,20599,17686,-99999,-99999,-99999,-9999,-999, 3599077, -9687468,147026,36201,   54, 3713, -317
 64250.800, 13916,20607,17683,-99999,-99999,-99999,-9999,-999, 3599195, -9687327,146930,36201,   55, 3715, -319
 64251.800, 13931,20614,17684,-99999,-99999,-99999,-9999,-999, 3599313, -9687187,146838,36203,   52, 3717, -322
 64252.800, 13948,20619,17680,-99999,-99999,-99999,-9999,-999, 3599430, -9687046,146747,36199,   47, 3716, -323
 64253.800, 13964,20616,17688,-99999,-99999,-99999,-9999,-999, 3599548, -9686905,146659,36182,   37, 3719, -322
 64254.800, 13982,20618,17677,-99999,-99999,-99999,-9999,-999, 3599666, -9686765,146572,36172,   42, 3723, -323
 64255.800, 13998,20624,17687,-99999,-99999,-99999,-9999,-999, 3599783, -9686624,146486,36171,   51, 3720, -327
 64256.800, 14015,20625,17678,-99999,-99999,-99999,-9999,-999, 3599901, -9686483,146401,36160,   49, 3717, -326
 64257.800, 14033,20632,17672,-99999,-99999,-99999,-9999,-999, 3600019, -9686342,146316,36158,   51, 3707, -328
 64258.800, 14049,20637,17672,-99999,-99999,-99999,-9999,-999, 3600136, -9686202,146233,36155,   47, 3703, -330
 64259.800, 14068,20643,17673,-99999,-99999,-99999,-9999,-999, 3600254, -9686061,146150,36152,   41, 3701, -327
 64260.800, 14087,20645,17677,-99999,-99999,-99999,-9999,-999, 3600372, -9685920,146073,36143,   42, 3699, -326
 64261.800, 14101,20647,17665,-99999,-99999,-99999,-9999,-999, 3600490, -9685779,145991,36134,   49, 3695, -326
 64262.800, 14117,20650,17654,-99999,-99999,-99999,-9999,-999, 3600607, -9685639,145909,36129,   48, 3691, -325
 64263.800, 14135,20655,17640,-99999,-99999,-99999,-9999,-999, 3600725, -9685498,145837,36124,   39, 3690, -324
 64264.800, 14154,20662,17624,-99999,-99999,-99999,-9999,-999, 3600842, -9685356,145766,36122,   35, 3693, -323
 64265.800, 14168,20664,17616,-99999,-99999,-99999,-9999,-999, 3600960, -9685215,145685,36115,   39, 3694, -323
 64266.800, 14187,20674,17614,-99999,-99999,-99999,-9999,-999, 3601078, -9685075,145602,36121,   43, 3694, -322
 64267.800, 14203,20680,17612,-99999,-99999,-99999,-9999,-999, 3601196, -9684934,145525,36119,   46, 3694, -324
 64268.800, 14219,20689,17613,-99999,-99999,-99999,-9999,-999, 3601313, -9684793,145443,36122,   47, 3694, -324
 64269.800, 14237,20698,17597,-99999,-99999,-99999,-9999,-999, 3601431, -9684653,145361,36126,   50, 3692, -324
 64270.800, 14253,20706,17601,-99999,-99999,-99999,-9999,-999, 3601549, -9684512,145283,36127,   51, 3690, -326
 64271.800, 14270,20711,17605,-99999,-99999,-99999,-9999,-999, 3601667, -9684371,145202,36125,   51, 3692, -327
 64272.800, 14287,20717,17589,-99999,-99999,-99999,-9999,-999, 3601785, -9684230,145121,36121,   49, 3696, -328
 64273.800, 14305,20720,17592,-99999,-99999,-99999,-9999,-999, 3601902, -9684090,145039,36114,   50, 3694, -329
 64274.800, 14321,20723,17601,-99999,-99999,-99999,-9999,-999, 3602020, -9683949,144959,36107,   45, 3693, -331
 64275.800, 14339,20730,17594,-99999,-99999,-99999,-9999,-999, 3602138, -9683808,144881,36107,   41, 3694, -331
 64276.800, 14355,20735,17600,-99999,-99999,-99999,-9999,-999, 3602256, -9683667,144801,36103,   44, 3695, -331
 64277.800, 14372,20731,17631,-99999,-99999,-99999,-9999,-999, 3602374, -9683527,144724,36085,   53, 3693, -331
 64278.800, 14390,20733,17633,-99999,-99999,-99999,-9999,-999, 3602491, -9683386,144644,36076,   55, 3689, -332
 64279.800, 14404,20735,17639,-99999,-99999,-99999,-9999,-999, 3602609, -9683245,144565,36070,   53, 3685, -330
 64280.800, 14422,20737,17639,-99999,-99999,-99999,-9999,-999, 3602727, -9683104,144488,36060,   51, 3684, -327
 64281.800, 14438,20741,17635,-99999,-99999,-99999,-9999,-999, 3602845, -9682964,144409,36056,   46, 3679, -323
 64282.800, 14456,20742,17631,-99999,-99999,-99999,-9999,-999, 3602963, -9682823,144331,36044,   43, 3676, -321
 64283.800, 14473,20747,17631,-99999,-99999,-99999,-9999,-999, 3603080, -9682682,144254,36040,   45, 3676, -317
 64284.800, 14489,20752,17636,-99999,-99999,-99999,-9999,-999, 3603198, -9682541,144178,36037,   51, 3676, -317
 64285.800, 14503,20756,17641,-99999,-99999,-99999,-9999,-999, 3603316, -9682400,144102,36036,   42, 3676, -320
 64286.800, 14520,20762,17640,-99999,-99999,-99999,-9999,-999, 3603434, -9682260,144026,36034,   42, 3678, -317
 64287.800, 14536,20769,17631,-99999,-99999,-99999,-9999,-999, 3603551, -9682119,143951,36035,   41, 3679, -315
 64288.800, 14550,20775,17630,-99999,-99999,-99999,-9999,-999, 3603669, -9681978,143877,36035,   45, 3678, -312
 64289.800, 14566,20781,17628,-99999,-99999,-99999,-9999,-999, 3603786, -9681838,143804,36034,   47, 3677, -311
 64290.800, 14582,20788,17618,-99999,-99999,-99999,-9999,-999, 3603904, -9681697,143731,36035,   50, 3677, -308
 64291.800, 14599,20795,17611,-99999,-99999,-99999,-9999,-999, 3604021, -9681556,143658,36034,   45, 3679, -305
 64292.800, 14619,20803,17589,-99999,-99999,-99999,-9999,-999, 3604139, -9681415,143586,36035,   41, 3679, -288
 64293.800, 14639,20811,17564,-99999,-99999,-99999,-9999,-999, 3604256, -9681275,143514,36035,   47, 3679, -272
 64294.800, 14660,20820,17524,-99999,-99999,-99999,-9999,-999, 3604374, -9681134,143442,36036,   55, 3680, -219
 64295.800, 14680,20831,17465,-99999,-99999,-99999,-9999,-999, 3604491, -9680994,143376,36039,   50, 3683, -158
 64296.800, 14702,20840,17407,-99999,-99999,-99999,-9999,-999, 3604608, -9680853,143311,36041,   40, 3685,  -22
 64297.800, 14709,20844,17352,-99999,-99999,-99999,-9999,-999, 3604725, -9680712,143246,36042,   26, 3687,  117
 64298.800, 14704,20845,17262,-99999,-99999,-99999,-9999,-999, 3604842, -9680572,143187,36048,   26, 3691,  242
 64299.800, 14688,20844,17173,-99999,-99999,-99999,-9999,-999, 3604958, -9680432,143153,36057,   -7, 3696,  388
 64300.800, 14660,20836,17104,-99999,-99999,-99999,-9999,-999, 3605073, -9680293,143134,36063,   -9, 3698,  491
 64301.800, 14619,20825,17021,-99999,-99999,-99999,-9999,-999, 3605187, -9680155,143135,36072,    6, 3697,  614
 64302.800, 14563,20811,16944,-99999,-99999,-99999,-9999,-999, 3605301, -9680016,143125,36088,   -7, 3704,  688
 64303.800, 14499,20798,16888,-99999,-99999,-99999,-9999,-999, 3605414, -9679878,143176,36111,  -34, 3704,  730
 64304.800, 14437,20799,16804,-99999,-99999,-99999,-9999,-999, 3605524, -9679742,143247,36157,  -29, 3696,  746
 64305.800, 14372,20789,16719,-99999,-99999,-99999,-9999,-999, 3605632, -9679607,143337,36186,  -34, 3702,  729
 64306.800, 14311,20773,16659,-99999,-99999,-99999,-9999,-999, 3605738, -9679473,143307,36202,  -33, 3720,  677
 64307.800, 14250,20752,16622,-99999,-99999,-99999,-9999,-999, 3605844, -9679339,143276,36210,  -29, 3726,  627
 64308.800, 14202,20738,16576,-99999,-99999,-99999,-9999,-999, 3605950, -9679205,143246,36220,  -28, 3727,  551
 64309.800, 14158,20723,16541,-99999,-99999,-99999,-9999,-999, 3606056, -9679071,143215,36226,  -32, 3729,  489
 64310.800, 14120,20709,16512,-99999,-99999,-99999,-9999,-999, 3606161, -9678937,143185,36230,  -28, 3730,  420
 64311.800, 14090,20700,16485,-99999,-99999,-99999,-9999,-999, 3606267, -9678803,143154,36236,  -14, 3727,  343
 64312.800, 14064,20691,16469,-99999,-99999,-99999,-9999,-999, 3606363, -9678681,143136,36239,   -6, 3726,  287
 64313.800, 14040,20684,16467,-99999,-99999,-99999,-9999,-999, 3606505, -9678580,143173,36244,   -2, 3728,  218
 64314.800, 14022,20678,16469,-99999,-99999,-99999,-9999,-999, 3606597, -9678482,143168,36248,    0, 3727,  172
 64315.800, 14008,20672,16489,-99999,-99999,-99999,-9999,-999, 3606689, -9678385,143163,36247,    4, 3721,  117
