flight/ER2/SEAC4RS-MMS-1HZ_ER2_20130823_RA.ict
49, 1001                                                                                                                                                                                                
Bui, T. Paul                                                                                                                                                                                            
NASA Ames Research Center                                                                                                                                                                               
MMS - Meteorological Measurement System                                                                                                                                                                 
SEAC4RS                                                                                                                                                                                                 
1, 1                                                                                                                                                                                                    
2013, 08, 23, 2013, 08, 23                                                                                                                                                                              
-1                                                                                                                                                                                                      
TIME_UTC, seconds, elapsed time from 0000 UTC                                                                                                                                                           
15                                                                                                                                                                                                      
0.01, 0.01, 0.01, 0.01, 0.01, 0.001, 0.01, 0.01, 0.00001, 0.00001, 0.1, 0.01, 0.01, 0.01, 0.01                                                                                                          
-99999, -9999, -9999, -99999, -99999, -99999, -9999, -999, -9999999, -99999999, -99999, -9999, -9999, -9999, -9999                                                                                      
P, hPa, Static Pressure                                                                                                                                                                                 
T, K, Static Temperature                                                                                                                                                                                
TAS, m/s, True Air Speed                                                                                                                                                                                
U, m/s, E-W Horizontal Wind Speed                                                                                                                                                                       
[...]
DM_CONTACT_INFO: Jon Dean-Day, Bay Area Environmental Research Institute, 596 First St.                                                                                                                 
West, Sonoma, CA, 95476; email: jonathan.m.dean-day@nasa.gov                                                                                                                                            
PROJECT_INFO: SEAC4RS mission August 1 - September 30, 2013; Houston, TX                                                                                                                                
OTHER_COMMENTS:                                                                                                                                                                                         
..\cv\e_130823.cva                                                                                                                                                                                      
REVISION: RA                                                                                                                                                                                            
RA: Preliminary FIELD DATA, Not funded for 3D Winds                                                                                                                                                     
TIME_UTC, P, T, TAS, U, V, W, TEDR, REYN, G_LAT, G_LONG, G_ALT, POT, ROLL, HDG, PITCH                                                                                                                   
[from data line 10143]
 63715.700,  7335,20519,20437,-99999,-99999,-99999,-9999,-999, 3334815, -9216601,185221,43283,   44, 9398,  -26
 63716.700,  7336,20520,20444,-99999,-99999,-99999,-9999,-999, 3334804, -9216390,185224,43283,   45, 9399,  -30
 63717.700,  7336,20517,20440,-99999,-99999,-99999,-9999,-999, 3334794, -9216180,185225,43277,   43, 9397,  -39
 63718.700,  7337,20516,20438,-99999,-99999,-99999,-9999,-999, 3334783, -9215969,185225,43274,   41, 9397,  -42
 63719.700,  7336,20510,20448,-99999,-99999,-99999,-9999,-999, 3334773, -9215758,185225,43264,   41, 9399,  -45
 63720.700,  7339,20513,20446,-99999,-99999,-99999,-9999,-999, 3334762, -9215547,185226,43265,   44, 9404,  -41
 63721.700,  7340,20518,20446,-99999,-99999,-99999,-9999,-999, 3334752, -9215335,185226,43274,   53, 9406,  -37
 63722.700,  7340,20517,20460,-99999,-99999,-99999,-9999,-999, 3334741, -9215124,185227,43271,   55, 9406,  -32
 63723.700,  7341,20505,20439,-99999,-99999,-99999,-9999,-999, 3334731, -9214913,185227,43244,   46, 9405,  -29
 63724.700,  7342,20504,20425,-99999,-99999,-99999,-9999,-999, 3334721, -9214703,185225,43240,   37, 9408,  -27
 63725.700,  7343,20501,20421,-99999,-99999,-99999,-9999,-999, 3334710, -9214492,185223,43231,   40, 9417,  -22
 63726.700,  7342,20500,20419,-99999,-99999,-99999,-9999,-999, 3334700, -9214281,185223,43233,   50, 9421,  -21
 63727.700,  7341,20493,20407,-99999,-99999,-99999,-9999,-999, 3334690, -9214070,185224,43218,   43, 9424,  -21
 63728.700,  7340,20489,20392,-99999,-99999,-99999,-9999,-999, 3334679, -9213858,185220,43211,   31, 9433,  -23
 63729.700,  7341,20489,20401,-99999,-99999,-99999,-9999,-999, 3334668, -9213648,185216,43212,   33, 9442,  -20
 63730.700,  7340,20487,20413,-99999,-99999,-99999,-9999,-999, 3334658, -9213437,185214,43208,   55, 9448,  -22
 63731.700,  7339,20484,20431,-99999,-99999,-99999,-9999,-999, 3334647, -9213226,185213,43202,   57, 9451,  -26
 63732.700,  7341,20485,20408,-99999,-99999,-99999,-9999,-999, 3334637, -9213015,185211,43202,   49, 9454,  -26
 63733.700,  7340,20488,20409,-99999,-99999,-99999,-9999,-999, 3334626, -9212804,185209,43210,   52, 9462,  -28
 63734.700,  7342,20486,20365,-99999,-99999,-99999,-9999,-999, 3334616, -9212593,185208,43202,   49, 9466,  -28
 63735.700,  7345,20490,20328,-99999,-99999,-99999,-9999,-999, 3334606, -9212382,185208,43206,   52, 9469,  -27
 63736.700,  7345,20486,20350,-99999,-99999,-99999,-9999,-999, 3334595, -9212171,185208,43198,   50, 9476,  -18
 63737.700,  7349,20488,20319,-99999,-99999,-99999,-9999,-999, 3334585, -9211961,185207,43196,   34, 9476,  -12
 63738.700,  7350,20488,20305,-99999,-99999,-99999,-9999,-999, 3334574, -9211750,185205,43194,   36, 9474,    0
 63739.700,  7350,20490,20296,-99999,-99999,-99999,-9999,-999, 3334564, -9211539,185205,43197,   40, 9473,   11
 63740.700,  7347,20484,20318,-99999,-99999,-99999,-9999,-999, 3334553, -9211328,185203,43191,   37, 9472,    8
 63741.700,  7346,20483,20316,-99999,-99999,-99999,-9999,-999, 3334543, -9211117,185201,43189,   34, 9467,    8
 63742.700,  7346,20484,20272,-99999,-99999,-99999,-9999,-999, 3334532, -9210906,185201,43192,   44, 9467,    5
 63743.700,  7342,20486,20244,-99999,-99999,-99999,-9999,-999, 3334522, -9210695,185201,43201,   49, 9473,    0
 63744.700,  7342,20483,20268,-99999,-99999,-99999,-9999,-999, 3334511, -9210485,185204,43197,   43, 9479,   -6
 63745.700,  7341,20482,20282,-99999,-99999,-99999,-9999,-999, 3334501, -9210273,185208,43195,   41, 9477,  -10
 63746.700,  7341,20483,20263,-99999,-99999,-99999,-9999,-999, 3334490, -9210063,185208,43198,   33, 9478,  -12
 63747.700,  7341,20483,20261,-99999,-99999,-99999,-9999,-999, 3334479, -9209852,185208,43200,   36, 9478,  -14
 63748.700,  7340,20480,20270,-99999,-99999,-99999,-9999,-999, 3334469, -9209641,185209,43194,   42, 9479,  -17
 63749.700,  7341,20483,20246,-99999,-99999,-99999,-9999,-999, 3334458, -9209431,185209,43196,   47, 9482,  -21
 63750.700,  7340,20480,20264,-99999,-99999,-99999,-9999,-999, 3334448, -9209220,185210,43194,   36, 9487,  -23
 63751.700,  7341,20481,20239,-99999,-99999,-99999,-9999,-999, 3334437, -9209010,185210,43193,   34, 9487,  -23
 63752.700,  7342,20482,20223,-99999,-99999,-99999,-9999,-999, 3334427, -9208799,185209,43195,   44, 9487,  -22
 63753.700,  7341,20482,20240,-99999,-99999,-99999,-9999,-999, 3334416, -9208589,185209,43194,   39, 9486,  -21
 63754.700,  7344,20481,20256,-99999,-99999,-99999,-9999,-999, 3334406, -9208378,185210,43189,   39, 9483,  -19
 63755.700,  7344,20481,20244,-99999,-99999,-99999,-9999,-999, 3334395, -9208167,185210,43190,   42, 9477,  -16
 63756.700,  7344,20483,20240,-99999,-99999,-99999,-9999,-999, 3334385, -9207957,185211,43192,   37, 9475,   -8
 63757.700,  7345,20483,20234,-99999,-99999,-99999,-9999,-999, 3334374, -9207746,185211,43191,   28, 9473,   -7
 63758.700,  7343,20482,20227,-99999,-99999,-99999,-9999,-999, 3334364, -9207536,185211,43192,   43, 9476,   -7
 63759.700,  7341,20481,20221,-99999,-99999,-99999,-9999,-999, 3334353, -9207325,185211,43195,   41, 9476,  -10
 63760.700,  7339,20480,20240,-99999,-99999,-99999,-9999,-999, 3334342, -9207115,185212,43195,   33, 9475,  -19
 63761.700,  7339,20481,20269,-99999,-99999,-99999,-9999,-999, 3334332, -9206904,185213,43197,   43, 9471,  -23
 63762.700,  7339,20480,20262,-99999,-99999,-99999,-9999,-999, 3334321, -9206694,185215,43195,   34, 9468,  -30
 63763.700,  7341,20484,20230,-99999,-99999,-99999,-9999,-999, 3334311, -9206483,185217,43200,   32, 9470,  -27
 63764.700,  7344,20487,20196,-99999,-99999,-99999,-9999,-999, 3334300, -9206272,185219,43201,   47, 9474,  -26
 63765.700,  7344,20485,20190,-99999,-99999,-99999,-9999,-999, 3334290, -9206062,185219,43198,   59, 9475,  -19
 63766.700,  7345,20483,20170,-99999,-99999,-99999,-9999,-999, 3334279, -9205851,185220,43193,   53, 9472,  -16
 63767.700,  7343,20483,20157,-99999,-99999,-99999,-9999,-999, 3334269, -9205640,185220,43194,   42, 9469,  -14
 63768.700,  7343,20483,20153,-99999,-99999,-99999,-9999,-999, 3334258, -9205429,185221,43194,   27, 9464,  -14
 63769.700,  7342,20482,20158,-99999,-99999,-99999,-9999,-999, 3334248, -9205219,185222,43194,   32, 9464,  -14
 63770.700,  7342,20483,20161,-99999,-99999,-99999,-9999,-999, 3334237, -9205008,185222,43197,   38, 9462,  -14
 63771.700,  7343,20484,20162,-99999,-99999,-99999,-9999,-999, 3334226, -9204798,185224,43197,   29, 9465,  -17
 63772.700,  7343,20481,20150,-99999,-99999,-99999,-9999,-999, 3334216, -9204587,185224,43188,   39, 9469,  -19
 63773.700,  7343,20481,20124,-99999,-99999,-99999,-9999,-999, 3334205, -9204376,185225,43191,   64, 9468,  -17
 63774.700,  7342,20484,20144,-99999,-99999,-99999,-9999,-999, 3334195, -9204166,185226,43198,   52, 9466,  -19
 63775.700,  7344,20484,20163,-99999,-99999,-99999,-9999,-999, 3334184, -9203955,185226,43195,   37, 9466,  -11
 63776.700,  7344,20484,20182,-99999,-99999,-99999,-9999,-999, 3334174, -9203745,185226,43195,   52, 9465,  -13
 63777.700,  7343,20483,20188,-99999,-99999,-99999,-9999,-999, 3334163, -9203534,185227,43194,   45, 9462,  -12
 63778.700,  7344,20485,20190,-99999,-99999,-99999,-9999,-999, 3334152, -9203323,185225,43198,   41, 9462,   -7
 63779.700,  7343,20483,20175,-99999,-99999,-99999,-9999,-999, 3334142, -9203113,185226,43194,   48, 9465,   -4
 63780.700,  7343,20486,20156,-99999,-99999,-99999,-9999,-999, 3334131, -9202902,185227,43200,   42, 9467,   -4
 63781.700,  7343,20485,20170,-99999,-99999,-99999,-9999,-999, 3334120, -9202692,185227,43199,   34, 9464,   -3
 63782.700,  7343,20482,20183,-99999,-99999,-99999,-9999,-999, 3334110, -9202481,185228,43193,   33, 9463,    1
 63783.700,  7342,20484,20176,-99999,-99999,-99999,-9999,-999, 3334099, -9202271,185228,43197,   31, 9463,    2
 63784.700,  7341,20484,20187,-99999,-99999,-99999,-9999,-999, 3334088, -9202060,185228,43201,   35, 9461,    0
 63785.700,  7341,20485,20193,-99999,-99999,-99999,-9999,-999, 3334078, -9201850,185230,43203,   37, 9457,    2
 63786.700,  7341,20483,20210,-99999,-99999,-99999,-9999,-999, 3334067, -9201639,185230,43199,   32, 9453,    0
 63787.700,  7341,20484,20186,-99999,-99999,-99999,-9999,-999, 3334056, -9201428,185232,43201,   47, 9445,    0
 63788.700,  7340,20486,20158,-99999,-99999,-99999,-9999,-999, 3334045, -9201218,185233,43206,   48, 9440,   -6
 63789.700,  7338,20486,20159,-99999,-99999,-99999,-9999,-999, 3334035, -9201007,185234,43209,   41, 9441,  -13
 63790.700,  7340,20489,20164,-99999,-99999,-99999,-9999,-999, 3334024, -9200797,185235,43212,   43, 9447,  -19
 63791.700,  7342,20487,20156,-99999,-99999,-99999,-9999,-999, 3334013, -9200586,185236,43205,   50, 9447,  -19
 63792.700,  7343,20488,20145,-99999,-99999,-99999,-9999,-999, 3334003, -9200376,185237,43206,   46, 9446,  -22
 63793.700,  7345,20490,20126,-99999,-99999,-99999,-9999,-999, 3333992, -9200165,185237,43206,   41, 9446,  -17
 63794.700,  7346,20491,20119,-99999,-99999,-99999,-9999,-999, 3333981, -9199955,185236,43206,   38, 9445,  -13
 63795.700,  7348,20492,20123,-99999,-99999,-99999,-9999,-999, 3333971, -9199745,185235,43205,   40, 9442,   -3
 63796.700,  7348,20490,20129,-99999,-99999,-99999,-9999,-999, 3333960, -9199534,185233,43200,   47, 9440,   -1
 63797.700,  7347,20488,20125,-99999,-99999,-99999,-9999,-999, 3333950, -9199324,185232,43199,   52, 9434,    4
 63798.700,  7345,20490,20120,-99999,-99999,-99999,-9999,-999, 3333939, -9199113,185231,43206,   53, 9431,    4
 63799.700,  7344,20490,20141,-99999,-99999,-99999,-9999,-999, 3333928, -9198902,185231,43209,   44, 9434,    4
 63800.700,  7344,20487,20147,-99999,-99999,-99999,-9999,-999, 3333918, -9198692,185231,43201,   45, 9439,   -4
 63801.700,  7341,20487,20133,-99999,-99999,-99999,-9999,-999, 3333907, -9198481,185232,43206,   48, 9439,  -10
 63802.700,  7341,20486,20119,-99999,-99999,-99999,-9999,-999, 3333896, -9198271,185232,43205,   41, 9439,  -11
 63803.700,  7342,20490,20107,-99999,-99999,-99999,-9999,-999, 3333885, -9198061,185232,43211,   34, 9440,  -14
 63804.700,  7343,20489,20132,-99999,-99999,-99999,-9999,-999, 3333875, -9197850,185232,43208,   42, 9438,  -11
 63805.700,  7343,20488,20124,-99999,-99999,-99999,-9999,-999, 3333864, -9197640,185232,43204,   43, 9434,   -8
 63806.700,  7346,20491,20100,-99999,-99999,-99999,-9999,-999, 3333853, -9197430,185232,43207,   32, 9434,   -4
 63807.700,  7347,20493,20104,-99999,-99999,-99999,-9999,-999, 3333843, -9197219,185231,43209,   36, 9435,    3
 63808.700,  7347,20493,20095,-99999,-99999,-99999,-9999,-999, 3333832, -9197010,185230,43207,   51, 9432,    9
 63809.700,  7346,20491,20083,-99999,-99999,-99999,-9999,-999, 3333821, -9196799,185229,43207,   46, 9430,    7
 63810.700,  7344,20492,20082,-99999,-99999,-99999,-9999,-999, 3333810, -9196588,185228,43212,   42, 9433,    8
 63811.700,  7344,20492,20075,-99999,-99999,-99999,-9999,-999, 3333799, -9196379,185228,43212,   51, 9436,    7
 63812.700,  7342,20489,20079,-99999,-99999,-99999,-9999,-999, 3333789, -9196168,185229,43208,   51, 9436,    0
 63813.700,  7342,20490,20069,-99999,-99999,-99999,-9999,-999, 3333778, -9195958,185230,43210,   38, 9436,    2
 63814.700,  7343,20492,20071,-99999,-99999,-99999,-9999,-999, 3333767, -9195748,185230,43214,   35, 9438,    0
 63815.700,  7344,20493,20071,-99999,-99999,-99999,-9999,-999, 3333757, -9195538,185231,43213,   47, 9435,    0
 63816.700,  7343,20492,20081,-99999,-99999,-99999,-9999,-999, 3333746, -9195327,185231,43214,   42, 9428,   -2
 63817.700,  7342,20489,20074,-99999,-99999,-99999,-9999,-999, 3333735, -9195117,185231,43209,   31, 9426,    0
 63818.700,  7345,20493,20044,-99999,-99999,-99999,-9999,-999, 3333725, -9194907,185232,43211,   32, 9428,    5
 63819.700,  7344,20493,20046,-99999,-99999,-99999,-9999,-999, 3333714, -9194697,185233,43213,   47, 9431,    4
 63820.700,  7343,20491,20053,-99999,-99999,-99999,-9999,-999, 3333703, -9194486,185234,43210,   53, 9430,    2
 63821.700,  7341,20489,20048,-99999,-99999,-99999,-9999,-999, 3333692, -9194277,185236,43211,   44, 9429,   -1
 63822.700,  7341,20490,20046,-99999,-99999,-99999,-9999,-999, 3333682, -9194067,185237,43211,   40, 9430,   -4
 63823.700,  7341,20488,20051,-99999,-99999,-99999,-9999,-999, 3333671, -9193856,185239,43208,   41, 9432,   -5
 63824.700,  7342,20488,20044,-99999,-99999,-99999,-9999,-999, 3333660, -9193646,185240,43207,   42, 9432,   -7
 63825.700,  7343,20490,20034,-99999,-99999,-99999,-9999,-999, 3333649, -9193437,185242,43209,   41, 9431,   -8
 63826.700,  7343,20489,20043,-99999,-99999,-99999,-9999,-999, 3333638, -9193227,185244,43207,   40, 9435,   -4
 63827.700,  7346,20490,20035,-99999,-99999,-99999,-9999,-999, 3333628, -9193017,185245,43205,   45, 9437,    0
 63828.700,  7346,20490,20027,-99999,-99999,-99999,-9999,-999, 3333617, -9192806,185246,43206,   46, 9435,    1
 63829.700,  7345,20489,20030,-99999,-99999,-99999,-9999,-999, 3333606, -9192597,185247,43203,   42, 9435,   -1
 63830.700,  7346,20491,20028,-99999,-99999,-99999,-9999,-999, 3333595, -9192387,185247,43206,   42, 9436,    5
 63831.700,  7346,20491,20029,-99999,-99999,-99999,-9999,-999, 3333584, -9192176,185248,43206,   52, 9434,    7
 63832.700,  7346,20491,20028,-99999,-99999,-99999,-9999,-999, 3333573, -9191966,185249,43207,   53, 9431,    7
 63833.700,  7345,20490,20044,-99999,-99999,-99999,-9999,-999, 3333563, -9191757,185251,43207,   36, 9428,    6
 63834.700,  7345,20493,20022,-99999,-99999,-99999,-9999,-999, 3333551, -9191547,185252,43211,   38, 9421,   13
 63835.700,  7343,20493,20031,-99999,-99999,-99999,-9999,-999, 3333541, -9191337,185253,43215,   41, 9417,   10
 63836.700,  7343,20491,20027,-99999,-99999,-99999,-9999,-999, 3333530, -9191127,185254,43211,   34, 9414,    8
 63837.700,  7343,20491,20019,-99999,-99999,-99999,-9999,-999, 3333519, -9190917,185256,43211,   30, 9413,    7
 63838.700,  7344,20495,20017,-99999,-99999,-99999,-9999,-999, 3333508, -9190708,185257,43219,   29, 9415,    8
 63839.700,  7342,20494,20038,-99999,-99999,-99999,-9999,-999, 3333498, -9190498,185258,43218,   42, 9415,    5
 63840.700,  7341,20489,20048,-99999,-99999,-99999,-9999,-999, 3333487, -9190288,185260,43211,   46, 9411,    4
 63841.700,  7340,20491,20044,-99999,-99999,-99999,-9999,-999, 3333476, -9190078,185262,43215,   42, 9409,    0
 63842.700,  7338,20486,20063,-99999,-99999,-99999,-9999,-999, 3333465, -9189868,185263,43209,   40, 9413,   -3
 63843.700,  7340,20488,20003,-99999,-99999,-99999,-9999,-999, 3333455, -9189659,185265,43211,   54, 9413,   -6
 63844.700,  7338,20489,20008,-99999,-99999,-99999,-9999,-999, 3333444, -9189449,185267,43216,   53, 9413,  -15
 63845.700,  7337,20487,20019,-99999,-99999,-99999,-9999,-999, 3333433, -9189239,185269,43214,   34, 9418,  -20
 63846.700,  7339,20491,20024,-99999,-99999,-99999,-9999,-999, 3333422, -9189029,185273,43219,   36, 9423,  -24
 63847.700,  7343,20493,20019,-99999,-99999,-99999,-9999,-999, 3333411, -9188819,185276,43217,   43, 9425,  -17
 63848.700,  7342,20495,20021,-99999,-99999,-99999,-9999,-999, 3333400, -9188610,185278,43223,   50, 9425,  -17
 63849.700,  7343,20498,20040,-99999,-99999,-99999,-9999,-999, 3333390, -9188400,185279,43226,   45, 9424,   -8
 63850.700,  7344,20495,20037,-99999,-99999,-99999,-9999,-999, 3333379, -9188190,185280,43219,   33, 9426,   -3
 63851.700,  7347,20502,20005,-99999,-99999,-99999,-9999,-999, 3333368, -9187980,185279,43228,   37, 9427,    6
 63852.700,  7348,20510,20019,-99999,-99999,-99999,-9999,-999, 3333357, -9187770,185279,43243,   49, 9430,   15
 63853.700,  7346,20507,20038,-99999,-99999,-99999,-9999,-999, 3333346, -9187561,185280,43240,   53, 9427,   18
 63854.700,  7345,20507,20024,-99999,-99999,-99999,-9999,-999, 3333336, -9187351,185280,43242,   39, 9426,   18
 63855.700,  7344,20507,20020,-99999,-99999,-99999,-9999,-999, 3333325, -9187141,185281,43245,   37, 9426,   20
 63856.700,  7342,20505,20019,-99999,-99999,-99999,-9999,-999, 3333314, -9186931,185281,43243,   42, 9424,   18
