flight/ER2/SEAC4RS-MMS-1HZ_ER2_20130802_RA.ict
49, 1001                                                                                                                                                                                                
Bui, T. Paul                                                                                                                                                                                            
NASA Ames Research Center                                                                                                                                                                               
MMS - Meteorological Measurement System                                                                                                                                                                 
SEAC4RS                                                                                                                                                                                                 
1, 1                                                                                                                                                                                                    
2013, 08, 02, 2013, 08, 04                                                                                                                                                                              
-1                                                                                                                                                                                                      
TIME_UTC, seconds, elapsed time from 0000 UTC                                                                                                                                                           
15                                                                                                                                                                                                      
0.01, 0.01, 0.01, 0.01, 0.01, 0.001, 0.01, 0.01, 0.00001, 0.00001, 0.1, 0.01, 0.01, 0.01, 0.01                                                                                                          
-99999, -9999, -9999, -99999, -99999, -99999, -9999, -999, -9999999, -99999999, -99999, -9999, -9999, -9999, -9999                                                                                      
P, hPa, Static Pressure                                                                                                                                                                                 
T, K, Static Temperature                                                                                                                                                                                
TAS, m/s, True Air Speed                                                                                                                                                                                
U, m/s, E-W Horizontal Wind Speed                                                                                                                                                                       
[...]
DM_CONTACT_INFO: Jon Dean-Day, Bay Area Environmental Research Institute, 596 First St.                                                                                                                 
West, Sonoma, CA, 95476; email: jonathan.m.dean-day@nasa.gov                                                                                                                                            
PROJECT_INFO: SEAC4RS mission August 1 - September 30, 2013; Houston, TX                                                                                                                                
OTHER_COMMENTS:                                                                                                                                                                                         
..\cv\e_130802.cva                                                                                                                                                                                      
REVISION: RA                                                                                                                                                                                            
RA: FIELD DATA                                                                                                                                                                                          
TIME_UTC, P, T, TAS, U, V, W, TEDR, REYN, G_LAT, G_LONG, G_ALT, POT, ROLL, HDG, PITCH                                                                                                                   
[from data line 22001]
 85400.700, 19183,21666,10936,  1008,  1850, -1443,-1036, 565, 3510017,-11792641,126061,34726, 1742,15000,  989
 85401.700, 19154,21663,10910,  1030,  1851, -1130,-1190, 565, 3509956,-11792559,126031,34737, 1713,15195, 1091
 85402.700, 19123,21657,10883,  1039,  1847,  -964,-1082, 565, 3509889,-11792482,126049,34743, 1712,15344, 1124
 85403.700, 19089,21655,10847,  1039,  1837,  -940, -957, 565, 3509822,-11792406,126088,34757, 1750,15562, 1137
 85404.700, 19054,21654,10808,  1054,  1830, -1058,-1004, 565, 3509758,-11792329,126099,34774, 1784,15699, 1149
 85405.700, 19016,21647,10778,  1055,  1832, -1010, -990, 565, 3509689,-11792261,126169,34783, 1802,15883, 1169
 85406.700, 18981,21642,10718,  1059,  1807,  -927, -822, 564, 3509620,-11792201,126195,34793, 1806,16004, 1171
 85407.700, 18944,21635,10668,  1074,  1786,  -907, -939, 564, 3509548,-11792140,126269,34800, 1803,16169, 1159
 85408.700, 18907,21626,10628,  1080,  1778,  -790, -836, 564, 3509477,-11792081,126272,34807, 1796,16354, 1133
 85409.700, 18871,21618,10593,  1080,  1762,  -930, -839, 563, 3509405,-11792021,126251,34811, 1796,16480, 1112
 85410.700, 18837,21608,10552,  1065,  1772,  -408, -950, 563, 3509334,-11791962,126231,34815, 1741,16658, 1069
 85411.700, 18811,21602,10484,  1096,  1789,   550, -834, 563, 3509263,-11791902,126211,34819, 1218,16773,  835
 85412.700, 18786,21598,10415,  1089,  1751,  -656, -757, 563, 3509191,-11791843,126191,34825,  875,16859,  621
 85413.700, 18776,21596,10367,  1057,  1721, -1501, -970, 563, 3509120,-11791783,126171,34827,  603,16961,  527
 85414.700, 18770,21595,10328,   971,  1673, -1446, -853, 561, 3509055,-11791729,126158,34828,  545,16963,  554
 85415.700, 18764,21591,10338,   939,  1679, -1025, -878, 561, 3508997,-11791681,126151,34825,  539,16908,  561
 85416.700, 18764,21587,10354,   904,  1689,  -757, -719, 561, 3508944,-11791637,126147,34819, 1063,16857,  495
 85417.700, 18770,21590,10346,   991,  1679, -1037, -819, 562, 3508896,-11791597,126144,34820, 1637,16881,  414
 85418.700, 18778,21590,10372,  1113,  1701, -1377, -820, 562, 3508853,-11791561,126142,34815, 2011,17068,  389
 85419.700, 18779,21589,10406,  1240,  1712,  -722, -926, 564, 3508814,-11791529,126141,34814, 2132,17482,  410
 85420.700, 18785,21588,10454,  1239,  1736,  -299, -765, 564, 3508778,-11791499,126140,34809, 2232,17825,  366
 85421.700, 18798,21590,10452,  1215,  1706,  -492, -779, 564, 3508746,-11791472,126140,34806, 2426,18295,  268
 85422.700, 18807,21592,10461,  1167,  1692, -1009, -744, 563, 3508717,-11791448,126140,34804, 2512,18546,  254
 85423.700, 18811,21591,10491,  1122,  1711, -1084,-1152, 564, 3508691,-11791426,126140,34801, 2455,18789,  344
 85424.700, 18817,21592,10512,  1024,  1730,  -716, -768, 563, 3508667,-11791407,126140,34798, 2379,18911,  394
 85425.700, 18831,21596,10496,  1027,  1693,  -828, -692, 562, 3508645,-11791388,126140,34798, 2357,18953,  355
 85426.700, 18840,21598,10520,  1083,  1683,  -919, -693, 562, 3508626,-11791372,126140,34797, 2279,19089,  326
 85427.700, 18849,21598,10565,  1136,  1675,  -812, -866, 563, 3508608,-11791358,126140,34791, 2208,19355,  316
 85428.700, 18857,21599,10601,  1161,  1674,  -677,-1020, 563, 3508593,-11791344,126140,34789, 2214,19586,  300
 85429.700, 18869,21602,10622,  1175,  1656,  -815, -907, 563, 3508578,-11791333,126140,34787, 2279,19954,  289
 85430.700, 18876,21603,10645,  1153,  1660,  -771, -869, 562, 3508565,-11791321,126140,34785, 2304,20221,  324
 85431.700, 18885,21606,10651,  1105,  1663,  -600, -856, 562, 3508553,-11791311,126140,34785, 2326,20460,  340
 85432.700, 18894,21608,10660,  1082,  1660,  -887, -871, 562, 3508543,-11791303,126140,34784, 2324,20649,  345
 85433.700, 18901,21610,10676,  1078,  1657,  -786,-1084, 562, 3508533,-11791294,126140,34783, 2274,20770,  371
 85434.700, 18909,21610,10691,  1070,  1653,  -681,-1040, 562, 3508524,-11791288,126140,34779, 2195,20947,  369
 85435.700, 18915,21612,10718,  1075,  1635,  -624, -891, 562, 3508516,-11791281,126140,34779, 2176,21154,  347
 85436.700, 18924,21615,10739,  1083,  1617,  -579, -743, 561, 3508509,-11791275,126140,34779, 2180,21316,  327
 85437.700, 18930,21617,10766,  1089,  1597,  -818, -859, 561, 3508503,-11791269,126140,34779, 2206,21573,  313
 85438.700, 18937,21619,10806,  1084,  1602,  -718, -897, 561, 3508497,-11791265,126140,34778, 2256,21836,  336
 85439.700, 18945,21620,10838,  1064,  1620,  -706, -740, 561, 3508492,-11791260,126140,34777, 2309,22032,  353
 85440.700, 18952,21623,10851,  1041,  1617,  -776, -706, 561, 3508487,-11791256,126140,34777, 2360,22275,  373
 85441.700, 18956,21622,10872,  1020,  1633,  -672, -895, 561, 3508482,-11791252,126140,34774, 2395,22439,  391
 85442.700, 18960,21622,10904,  1033,  1630,  -545, -848, 561, 3508478,-11791249,126140,34772, 2446,22693,  408
 85443.700, 18965,21624,10913,  1045,  1599,  -697, -893, 561, 3508475,-11791246,126140,34772, 2434,22873,  414
 85444.700, 18966,21625,10922,  1071,  1561, -1239, -877, 560, 3508472,-11791243,126140,34774, 2310,23176,  478
 85445.700, 18958,21623,10942,  1070,  1582, -1197, -867, 560, 3508469,-11791241,126140,34774, 2236,23531,  660
 85446.700, 18948,21620,10953,  1040,  1632,  -348,-1020, 561, 3508466,-11791239,126140,34776, 2342,23743,  739
 85447.700, 18944,21620,10952,   984,  1624,    54, -739, 560, 3508464,-11791237,126140,34778, 2480,23951,  663
 85448.700, 18937,21619,10967,   964,  1549,  -658, -830, 559, 3507434,-11792797,126180,34779, 2409,24070,  616
 85449.700, 18924,21615,11018,   976,  1541,  -596, -877, 559, 3507390,-11792880,126182,34780, 2219,24300,  630
 85450.700, 18912,21610,11084,   986,  1544,  -535, -770, 559, 3507347,-11792962,126183,34778, 2063,24555,  645
 85451.700, 18901,21607,11110,   961,  1553,  -605, -806, 559, 3507303,-11793045,126184,34779, 2001,24718,  652
 85452.700, 18886,21602,11153,   955,  1570,  -838, -797, 559, 3507259,-11793128,126185,34779, 1953,24919,  669
 85453.700, 18871,21598,11191,   948,  1568,  -993, -794, 559, 3507216,-11793210,126186,34779, 1919,25080,  714
 85454.700, 18856,21594,11205,   942,  1548,  -856, -942, 558, 3507172,-11793293,126187,34782, 1891,25188,  751
 85455.700, 18839,21590,11227,   935,  1547,  -595, -879, 558, 3507132,-11793368,126188,34783, 1872,25380,  787
 85456.700, 18819,21583,11256,   942,  1535,  -576, -860, 558, 3507097,-11793436,126188,34784, 1894,25521,  790
 85457.700, 18798,21577,11274,   939,  1530,  -561, -831, 558, 3507064,-11793497,126188,34785, 1949,25721,  784
 85458.700, 18779,21572,11281,   917,  1524,  -507, -779, 557, 3507035,-11793553,126189,34788, 2018,25921,  730
 85459.700, 18758,21566,11309,   916,  1517,  -709, -925, 557, 3507008,-11793602,126189,34788, 2067,26046,  697
 85460.700, 18740,21561,11337,   914,  1503,  -724, -939, 557, 3506984,-11793648,126189,34789, 2129,26238,  677
 85461.700, 18723,21556,11366,   903,  1479,  -845, -926, 556, 3506962,-11793689,126189,34790, 2175,26449,  677
 85462.700, 18707,21552,11398,   908,  1467,  -688,-1087, 556, 3506943,-11793726,126189,34793, 2183,26619,  695
 85463.700, 18692,21550,11392,   894,  1444,  -503,-1164, 555, 3506925,-11793759,126189,34797, 2198,26860,  687
 85464.700, 18675,21547,11377,   879,  1436,  -608, -935, 555, 3506909,-11793790,126189,34802, 2229,27056,  665
 85465.700, 18658,21544,11375,   874,  1427,  -730,-1019, 554, 3506894,-11793817,126189,34806, 2238,27242,  652
 85466.700, 18645,21543,11361,   855,  1412,  -819,-1052, 554, 3506881,-11793843,126189,34811, 2166,27474,  662
 85467.700, 18627,21540,11364,   855,  1420,  -801,-1096, 554, 3506869,-11793866,126189,34816, 2159,27632,  674
 85468.700, 18612,21536,11356,   846,  1425,  -728,-1033, 554, 3506859,-11793885,126189,34818, 2213,27851,  673
 85469.700, 18599,21534,11345,   828,  1411,  -893,-1036, 553, 3506849,-11793904,126189,34821, 2241,27989,  664
 85470.700, 18583,21531,11350,   824,  1388,  -994,-1267, 553, 3506840,-11793920,126189,34824, 2235,28199,  664
 85471.700, 18568,21528,11348,   812,  1363,  -868,-1142, 552, 3506832,-11793936,126189,34828, 2148,28452,  667
 85472.700, 18556,21526,11339,   799,  1366,  -939,-1282, 552, 3506825,-11793949,126189,34832, 2097,28617,  648
 85473.700, 18541,21524,11335,   789,  1378, -1289,-1234, 552, 3506818,-11793962,126189,34836, 2063,28841,  628
 85474.700, 18529,21522,11320,   772,  1402, -1506,-1104, 552, 3506812,-11793973,126189,34840, 2040,28979,  643
 85475.700, 18515,21519,11314,   767,  1411, -1440,-1091, 552, 3506807,-11793983,126189,34842, 1992,29151,  689
 85476.700, 18502,21516,11298,   753,  1418, -1343,-1057, 552, 3506802,-11793992,126189,34845, 1947,29325,  715
 85477.700, 18489,21514,11277,   733,  1420, -1201,-1145, 552, 3506797,-11794001,126189,34847, 1935,29447,  709
 85478.700, 18474,21510,11271,   716,  1405, -1262,-1157, 552, 3506794,-11794008,126189,34849, 1916,29642,  684
 85479.700, 18461,21508,11260,   704,  1405, -1080,-1112, 551, 3507134,-11795493,126120,34854, 1914,29783,  660
 85480.700, 18451,21511,11231,   685,  1416, -1142,-1168, 551, 3507153,-11795594,126119,34864, 1933,29963,  595
 85481.700, 18443,21515,11172,   649,  1430, -1422,-1107, 551, 3507173,-11795694,126117,34873, 1957,30144,  539
 85482.700, 18437,21512,11146,   647,  1452,  -849,-1262, 551, 3507191,-11795786,126116,34872, 1936,30256,  512
 85483.700, 18434,21513,11139,   635,  1446, -1057,-1153, 551, 3507206,-11795868,126115,34876, 1905,30393,  386
 85484.700, 18435,21515,11137,   606,  1435, -1599,-1155, 551, 3507221,-11795943,126115,34878, 1868,30567,  326
 85485.700, 18440,21512,11158,   614,  1443, -1298,-1162, 551, 3507234,-11796011,126115,34871, 1870,30701,  336
 85486.700, 18447,21507,11188,   627,  1452, -1018,-1053, 551, 3507246,-11796072,126115,34858, 1908,30901,  338
 85487.700, 18454,21502,11237,   656,  1467, -1011,-1214, 552, 3507433,-11796508,126203,34847, 1945,31029,  320
 85488.700, 18461,21502,11269,   667,  1462, -1159,-1240, 552, 3507491,-11796617,126231,34843, 1982,31189,  290
 85489.700, 18470,21503,11293,   653,  1458, -1233,-1131, 552, 3507353,-11796757,126334,34840, 1935,31379,  288
 85490.700, 18480,21500,11314,   659,  1470, -1144, -909, 553, 3507427,-11796847,126337,34831, 1870,31516,  289
 85491.700, 18489,21497,11347,   692,  1497, -1349, -769, 553, 3507501,-11796937,126340,34819, 1820,31738,  292
 85492.700, 18498,21497,11376,   717,  1511, -1380, -884, 553, 3507576,-11797028,126343,34815, 1845,31855,  300
 85493.700, 18507,21498,11377,   718,  1540, -1335, -945, 554, 3507650,-11797118,126347,34811, 1892,31989,  292
 85494.700, 18517,21498,11393,   717,  1558, -1443, -730, 555, 3507725,-11797208,126350,34806, 1886,32118,  273
 85495.700, 18526,21499,11412,   705,  1556, -1486, -871, 555, 3507799,-11797299,126353,34803, 1854,32232,  268
 85496.700, 18537,21501,11439,   689,  1549, -1409, -803, 555, 3507866,-11797380,126355,34801, 1800,32429,  256
 85497.700, 18549,21504,11458,   688,  1567, -1389, -793, 556, 3508043,-11797408,126581,34799, 1796,32595,  241
 85498.700, 18559,21504,11488,   706,  1581, -1478, -945, 555, 3508115,-11797451,127047,34794, 1814,32755,  233
 85499.700, 18570,21505,11514,   718,  1598, -1397, -912, 556, 3508211,-11797522,127281,34790, 1800,32928,  253
 85500.700, 18582,21506,11537,   731,  1612, -1298, -897, 556, 3508305,-11797592,127292,34785, 1780,33028,  255
 85501.700, 18593,21506,11551,   733,  1629, -1229, -767, 557, 3508400,-11797661,127303,34779, 1755,33179,  252
 85502.700, 18602,21504,11575,   748,  1646, -1267,-1101, 558, 3508495,-11797731,127315,34771, 1755,33306,  242
 85503.700, 18614,21505,11589,   749,  1660, -1315, -920, 558, 3508590,-11797800,127326,34766, 1759,33442,  233
 85504.700, 18625,21505,11611,   758,  1679, -1300, -833, 558, 3508684,-11797869,127337,34760, 1783,33605,  227
 85505.700, 18636,21504,11634,   773,  1695, -1310,-1066, 559, 3508770,-11797932,127344,34753, 1796,33717,  223
 85506.700, 18648,21506,11661,   774,  1698, -1344, -907, 559, 3508848,-11797988,127348,34749, 1818,33881,  221
 85507.700, 18660,21508,11682,   775,  1714, -1364,-1091, 559, 3508918,-11798040,127351,34746, 1842,34049,  215
 85508.700, 18671,21510,11713,   771,  1709, -1364,-1008, 559, 3509204,-11798063,127367,34744, 1864,34169,  213
 85509.700, 18683,21512,11736,   768,  1718, -1371,-1183, 559, 3509306,-11798074,127411,34742, 1903,34362,  215
 85510.700, 18695,21516,11749,   774,  1742, -1277, -976, 560, 3509411,-11798114,127412,34741, 1934,34492,  217
 85511.700, 18706,21518,11783,   768,  1733, -1246, -927, 560, 3509515,-11798156,127412,34738, 1996,34674,  210
 85512.700, 18717,21521,11814,   750,  1734, -1077, -906, 560, 3509618,-11798196,127412,34737, 1908,34861,  208
 85513.700, 18730,21524,11841,   758,  1736,  -970, -997, 560, 3509723,-11798237,127413,34735, 1832,34998,  197
 85514.700, 18738,21526,11870,   776,  1747, -1048,-1014, 560, 3509827,-11798278,127413,34735, 1771,35181,  145
 85515.700, 18749,21529,11907,   788,  1750, -1269, -974, 560, 3509921,-11798315,127413,34733, 1760,35283,  125
 85516.700, 18765,21533,11932,   759,  1762,  -971, -968, 561, 3510006,-11798349,127413,34731, 1398,35408,  133
 85517.700, 18779,21536,11975,   769,  1779,  -982, -809, 561, 3510265,-11798306,127429,34729,  712,35530,  101
 85518.700, 18797,21540,12014,   845,  1788, -1211, -906, 561, 3510383,-11798323,127430,34726,  734,35592,   81
 85519.700, 18812,21544,12059,   901,  1805, -1659,-1097, 562, 3510457,-11798300,127428,34724,  610,35577,   97
 85520.700, 18830,21549,12098,   876,  1801, -1725, -881, 562, 3510579,-11798309,127427,34722,  456,35554,  157
 85521.700, 18845,21553,12127,   851,  1800,  -746, -928, 562, 3510701,-11798317,127426,34721,  270,35555,  269
 85522.700, 18851,21554,12164,   845,  1787, -1233, -938, 562, 3510823,-11798326,127424,34720,  338,35586,  229
 85523.700, 18859,21557,12185,   843,  1786, -1348, -903, 562, 3510944,-11798335,127423,34720,  348,35617,  273
 85524.700, 18867,21560,12195,   842,  1800, -1220,-1005, 562, 3511062,-11798320,127423,34721,  332,35659,  286
 85525.700, 18872,21562,12212,   851,  1797, -1243,-1020, 562, 3511179,-11798316,127438,34721,  324,35685,  303
 85526.700, 18875,21563,12225,   865,  1797, -1293, -806, 562, 3511301,-11798316,127456,34722,  319,35707,  295
 85527.700, 18880,21565,12222,   873,  1812, -1418, -947, 562, 3511424,-11798316,127468,34723,  308,35717,  308
 85528.700, 18883,21567,12230,   873,  1813, -1228, -918, 563, 3511549,-11798316,127476,34723,  303,35730,  328
 85529.700, 18884,21567,12238,   867,  1813, -1351, -899, 563, 3511674,-11798316,127480,34723,  324,35748,  327
 85530.700, 18885,21568,12238,   860,  1817, -1186, -954, 563, 3511800,-11798316,127481,34725,  342,35769,  340
 85531.700, 18886,21569,12241,   847,  1818, -1136, -992, 563, 3511926,-11798315,127482,34725,  357,35807,  330
 85532.700, 18886,21569,12244,   832,  1820, -1581,-1083, 563, 3512051,-11798313,127482,34725,  311,35838,  337
 85533.700, 18889,21571,12234,   836,  1829, -1312, -921, 563, 3512177,-11798311,127482,34726,  282,35886,  406
 85534.700, 18886,21570,12228,   861,  1827, -1075, -953, 563, 3512304,-11798309,127479,34727,  340,35910,  440
 85535.700, 18879,21569,12221,   863,  1822,  -868, -998, 563, 3512430,-11798306,127478,34729,  375,35910,  443
 85536.700, 18873,21568,12215,   835,  1818, -1226,-1087, 562, 3512556,-11798302,127480,34730,  318,35917,  405
 85537.700, 18869,21567,12202,   819,  1821, -1337,-1262, 563, 3512683,-11798297,127485,34732,  275,35943,  424
 85538.700, 18864,21567,12179,   823,  1833, -1230, -929, 563, 3512809,-11798293,127482,34733,  290,35998,  460
 85539.700, 18860,21567,12159,   842,  1835,  -955, -724, 563, 3512936,-11798287,127480,34736,  345,   32,  489
 85540.700, 18850,21563,12144,   859,  1832,  -902, -909, 563, 3513063,-11798283,127477,34735,  382,   40,  467
