flight/ER2/SEAC4RS-MMS-1HZ_ER2_20130806_RA.ict
49, 1001                                                                                                                                                                                                
Bui, T. Paul                                                                                                                                                                                            
NASA Ames Research Center                                                                                                                                                                               
MMS - Meteorological Measurement System                                                                                                                                                                 
SEAC4RS                                                                                                                                                                                                 
1, 1                                                                                                                                                                                                    
2013, 08, 06, 2013, 08, 07                                                                                                                                                                              
-1                                                                                                                                                                                                      
TIME_UTC, seconds, elapsed time from 0000 UTC                                                                                                                                                           
15                                                                                                                                                                                                      
0.01, 0.01, 0.01, 0.01, 0.01, 0.001, 0.01, 0.01, 0.00001, 0.00001, 0.1, 0.01, 0.01, 0.01, 0.01                                                                                                          
-99999, -9999, -9999, -99999, -99999, -99999, -9999, -999, -9999999, -99999999, -99999, -9999, -9999, -9999, -9999                                                                                      
P, hPa, Static Pressure                                                                                                                                                                                 
T, K, Static Temperature                                                                                                                                                                                
TAS, m/s, True Air Speed                                                                                                                                                                                
U, m/s, E-W Horizontal Wind Speed                                                                                                                                                                       
[...]
DM_CONTACT_INFO: Jon Dean-Day, Bay Area Environmental Research Institute, 596 First St.                                                                                                                 
West, Sonoma, CA, 95476; email: jonathan.m.dean-day@nasa.gov                                                                                                                                            
PROJECT_INFO: SEAC4RS mission August 1 - September 30, 2013; Houston, TX                                                                                                                                
OTHER_COMMENTS:                                                                                                                                                                                         
..\cv\e_130806.cva                                                                                                                                                                                      
REVISION: RA                                                                                                                                                                                            
RA: FIELD DATA                                                                                                                                                                                          
TIME_UTC, P, T, TAS, U, V, W, TEDR, REYN, G_LAT, G_LONG, G_ALT, POT, ROLL, HDG, PITCH                                                                                                                   
[from data line 25572]
 89065.650,  6052,21330,20742,   375,   250,   257,-1229, 449, 3863547,-12118434,197560,47535,   32,13865,   -7
 89066.650,  6051,21331,20754,   368,   255,   196,-1277, 449, 3863412,-12118270,197560,47540,   25,13865,   -7
 89067.650,  6051,21332,20759,   368,   255,   178,-1149, 449, 3863276,-12118106,197560,47542,   24,13864,   -5
 89068.650,  6051,21332,20762,   369,   256,   178,-1267, 449, 3863141,-12117942,197559,47541,   25,13864,   -5
 89069.650,  6051,21333,20762,   371,   253,   138,-1286, 449, 3863005,-12117778,197560,47543,   29,13864,   -6
 89070.650,  6051,21332,20761,   374,   250,   117,-1181, 449, 3862869,-12117614,197561,47543,   33,13864,   -4
 89071.650,  6050,21331,20762,   377,   250,   165,-1155, 449, 3862734,-12117450,197561,47541,   33,13865,   -5
 89072.650,  6050,21328,20759,   388,   250,   112,-1195, 450, 3862598,-12117285,197562,47537,   28,13867,   -8
 89073.650,  6050,21329,20754,   392,   242,    91,-1437, 450, 3862462,-12117121,197562,47538,   26,13868,   -6
 89074.650,  6051,21329,20747,   403,   236,   118,-1331, 451, 3862326,-12116957,197564,47536,   28,13868,   -6
 89075.650,  6050,21327,20747,   413,   240,   134,-1158, 452, 3862190,-12116793,197564,47534,   31,13869,   -6
 89076.650,  6049,21324,20757,   414,   248,   167,-1137, 452, 3862055,-12116629,197565,47529,   25,13871,  -10
 89077.650,  6050,21324,20748,   427,   241,   147, -997, 452, 3861919,-12116465,197565,47529,   23,13874,  -12
 89078.650,  6048,21322,20757,   428,   247,   177,-1077, 453, 3861783,-12116301,197566,47526,   25,13877,  -13
 89079.650,  6049,21322,20759,   434,   247,   206,-1161, 454, 3861647,-12116136,197566,47525,   30,13880,  -14
 89080.650,  6049,21321,20774,   427,   255,   211,-1160, 453, 3861511,-12115972,197567,47523,   32,13883,  -17
 89081.650,  6049,21322,20777,   426,   249,   205,-1218, 453, 3861375,-12115808,197567,47526,   34,13883,  -19
 89082.650,  6049,21321,20786,   427,   255,   200,-1081, 454, 3861239,-12115644,197567,47523,   32,13883,  -20
 89083.650,  6047,21320,20799,   424,   261,   157,-1147, 453, 3861103,-12115480,197568,47522,   26,13882,  -20
 89084.650,  6048,21318,20804,   429,   265,   175,-1188, 454, 3860965,-12115317,197569,47520,   26,13883,  -19
 89085.650,  6048,21316,20808,   437,   272,    64,-1141, 455, 3860841,-12115168,197569,47515,   30,13884,  -19
 89086.650,  6049,21317,20799,   444,   268,    59,-1100, 455, 3860717,-12115020,197569,47514,   34,13886,  -16
 89087.650,  6052,21316,20794,   452,   272,    70,-1055, 456, 3860606,-12114886,197569,47506,   31,13888,  -11
 89088.650,  6053,21317,20784,   460,   270,    94,-1011, 456, 3860505,-12114765,197570,47504,   24,13890,   -6
 89089.650,  6052,21317,20783,   457,   268,   125,-1156, 456, 3860413,-12114655,197570,47505,   20,13892,   -6
 89090.650,  6052,21317,20781,   453,   265,   116,-1279, 456, 3860330,-12114555,197570,47506,   25,13890,   -3
 89091.650,  6053,21319,20771,   456,   258,   168,-1151, 456, 3860255,-12114465,197570,47509,   29,13888,   -3
 89092.650,  6052,21319,20775,   450,   263,   162,-1170, 455, 3860188,-12114384,197570,47511,   29,13886,   -2
 89093.650,  6051,21321,20774,   448,   263,   114,-1119, 455, 3860126,-12114310,197570,47517,   26,13886,   -2
 89094.650,  6050,21322,20771,   442,   258,    67,-1327, 455, 3860076,-12114234,197570,47523,   23,13886,   -3
 89095.650,  6050,21323,20770,   435,   255,    39,-1176, 454, 3860027,-12114171,197570,47524,   25,13884,   -4
 89096.650,  6048,21320,20777,   432,   265,    13,-1130, 454, 3859979,-12114109,197570,47523,   29,13881,   -5
 89097.650,  6051,21323,20763,   440,   257,   -23,-1198, 455, 3859934,-12114052,197570,47523,   26,13879,   -7
 89098.650,  6049,21320,20767,   438,   267,     4,-1048, 455, 3859894,-12114001,197570,47519,   22,13879,  -10
 89099.650,  6050,21319,20762,   444,   270,    15,-1250, 455, 3859862,-12113948,197570,47516,   21,13880,  -14
 89100.650,  6050,21317,20765,   444,   278,   -15,-1332, 455, 3859831,-12113904,197570,47512,   20,13882,  -16
 89101.650,  6050,21316,20766,   445,   284,    38,-1208, 456, 3859800,-12113860,197570,47509,   21,13885,  -17
 89102.650,  6050,21316,20767,   443,   285,    76,-1257, 456, 3859768,-12113816,197570,47510,   26,13885,  -18
 89103.650,  6051,21318,20760,   446,   282,    91,-1161, 456, 3859739,-12113777,197570,47512,   30,13885,  -21
 89104.650,  6052,21320,20757,   448,   281,   134,-1233, 456, 3859714,-12113741,197570,47513,   32,13884,  -23
 89105.650,  6052,21320,20762,   444,   286,    92,-1129, 456, 3859446,-12113844,197576,47514,   30,13882,  -28
 89106.650,  6053,21323,20757,   447,   283,    67,-1177, 456, 3859408,-12113825,197576,47517,   26,13881,  -26
 89107.650,  6053,21325,20758,   440,   281,    70,-1404, 456, 3859368,-12113806,197576,47523,   26,13880,  -26
 89108.650,  6054,21328,20753,   440,   277,    33,-1254, 456, 3859333,-12113789,197577,47528,   29,13879,  -25
 89109.650,  6054,21331,20749,   441,   275,    37,-1159, 455, 3859301,-12113774,197577,47532,   28,13878,  -24
 89110.650,  6055,21331,20750,   441,   280,    11,-1155, 456, 3859272,-12113759,197577,47532,   29,13876,  -23
 89111.650,  6056,21329,20754,   446,   292,    -8,-1197, 456, 3859246,-12113747,197577,47525,   26,13878,  -23
 89112.650,  6057,21325,20756,   455,   306,   -95,-1108, 458, 3859222,-12113736,197577,47514,   25,13881,  -22
 89113.650,  6058,21324,20751,   463,   310,   -44,-1065, 458, 3859200,-12113725,197577,47508,   24,13884,  -17
 89114.650,  6059,21322,20753,   462,   317,    16,-1304, 459, 3859182,-12113730,197575,47503,   27,13887,  -15
 89115.650,  6059,21323,20750,   462,   317,    47,-1340, 459, 3858883,-12113874,197578,47505,   32,13888,  -12
 89116.650,  6060,21325,20743,   464,   315,   119,-1127, 459, 3858846,-12113879,197579,47506,   36,13890,  -11
 89117.650,  6059,21323,20750,   458,   326,    99,-1180, 459, 3858809,-12113884,197579,47503,   38,13891,  -10
 89118.650,  6060,21325,20740,   464,   323,   153,-1198, 459, 3858775,-12113889,197579,47505,   37,13892,   -8
 89119.650,  6059,21324,20742,   460,   328,   102,-1204, 459, 3858745,-12113893,197579,47508,   35,13894,   -9
 89120.650,  6058,21325,20741,   456,   330,    92,-1164, 459, 3858718,-12113897,197579,47509,   25,13894,   -7
 89121.650,  6060,21326,20732,   459,   326,    61,-1140, 459, 3858693,-12113900,197579,47510,   23,13893,   -6
 89122.650,  6058,21324,20738,   454,   337,    46,-1098, 459, 3858671,-12113904,197579,47510,   25,13891,   -4
 89123.650,  6059,21327,20729,   454,   333,    40,-1202, 459, 3858650,-12113907,197579,47513,   26,13891,   -5
 89124.650,  6057,21326,20727,   451,   334,   -13,-1172, 459, 3858634,-12113921,197577,47515,   30,13891,   -6
 89125.650,  6058,21325,20728,   448,   339,   -35,-1214, 459, 3858313,-12114077,197579,47511,   31,13891,   -6
 89126.650,  6058,21325,20722,   449,   338,   -33,-1283, 459, 3858278,-12114092,197579,47510,   32,13893,   -7
 89127.650,  6057,21323,20726,   444,   345,  -123,-1210, 459, 3858243,-12114106,197579,47508,   33,13895,   -8
 89128.650,  6058,21324,20718,   445,   344,  -163,-1076, 459, 3858211,-12114120,197579,47508,   33,13896,   -6
 89129.650,  6059,21324,20713,   445,   345,  -124,-1142, 459, 3858182,-12114132,197579,47505,   36,13896,   -3
 89130.650,  6059,21322,20721,   437,   356,  -149,-1241, 459, 3858156,-12114143,197579,47502,   33,13895,   -4
 89131.650,  6059,21324,20708,   443,   352,  -144,-1181, 459, 3858132,-12114153,197580,47507,   28,13895,   -5
 89132.650,  6059,21325,20699,   446,   350,  -158,-1232, 459, 3858111,-12114162,197580,47511,   23,13897,   -6
 89133.650,  6059,21326,20695,   442,   347,  -170,-1262, 459, 3858091,-12114170,197580,47511,   25,13897,   -6
 89134.650,  6060,21328,20684,   442,   340,  -173,-1208, 458, 3858078,-12114193,197577,47512,   29,13896,   -7
 89135.650,  6060,21328,20681,   441,   341,  -200,-1334, 459, 3858060,-12114205,197577,47513,   33,13895,   -7
 89136.650,  6061,21330,20670,   444,   337,  -173,-1155, 458, 3858041,-12114217,197577,47515,   33,13893,   -7
 89137.650,  6061,21329,20670,   442,   342,  -140,-1164, 458, 3858025,-12114227,197577,47514,   32,13893,   -8
 89138.650,  6060,21330,20668,   441,   345,  -161,-1203, 458, 3858009,-12114237,197577,47516,   30,13895,   -8
 89139.650,  6062,21334,20650,   447,   330,   -66,-1153, 458, 3853978,-12106742,197576,47520,   30,13896,   -8
 89140.650,  6061,21331,20665,   427,   335,  -129,-1256, 457, 3853465,-12106198,197566,47517,   35,13893,   -9
 89141.650,  6063,21333,20652,   434,   332,  -164,-1313, 457, 3853240,-12105979,197558,47518,   35,13893,   -6
 89142.650,  6063,21334,20645,   439,   329,  -163,-1127, 458, 3853095,-12105815,197541,47519,   32,13895,   -7
 89143.650,  6063,21334,20640,   437,   327,  -244,-1206, 457, 3852958,-12105651,197534,47519,   27,13895,   -5
 89144.650,  6064,21333,20637,   433,   329,  -302,-1073, 457, 3852822,-12105488,197513,47513,   27,13896,   -1
 89145.650,  6066,21331,20629,   433,   326,  -293,-1243, 457, 3852686,-12105326,197499,47508,   32,13895,    3
 89146.650,  6065,21329,20626,   432,   329,  -251,-1307, 457, 3852551,-12105162,197487,47504,   35,13894,    2
 89147.650,  6065,21329,20617,   435,   328,  -308,-1292, 457, 3852416,-12105000,197477,47505,   33,13893,    3
 89148.650,  6065,21326,20620,   429,   336,  -302,-1169, 457, 3852281,-12104837,197469,47498,   26,13894,    5
 89149.650,  6067,21326,20601,   439,   329,  -265,-1116, 458, 3852145,-12104675,197462,47493,   27,13895,    8
 89150.650,  6066,21325,20597,   436,   330,  -252,-1217, 458, 3852010,-12104512,197455,47494,   34,13895,    7
 89151.650,  6066,21327,20587,   439,   327,  -255,-1397, 458, 3851875,-12104350,197450,47497,   36,13894,    8
 89152.650,  6067,21330,20579,   436,   322,  -213,-1191, 457, 3851740,-12104187,197446,47503,   34,13894,    9
 89153.650,  6066,21331,20580,   432,   328,  -180,-1094, 457, 3851606,-12104026,197442,47507,   31,13894,    9
 89154.650,  6067,21332,20572,   433,   325,  -117,-1188, 457, 3851471,-12103863,197438,47506,   29,13896,    9
 89155.650,  6065,21329,20575,   448,   353,  -189,-1184, 458, 3851336,-12103701,197435,47503,  -85,13901,    5
 89156.650,  6063,21325,20581,   450,   371,  -398,-1236, 458, 3851201,-12103539,197433,47500, -303,13910,    5
 89157.650,  6065,21323,20565,   470,   375,  -345,-1204, 461, 3851067,-12103376,197431,47491, -646,13913,   14
 89158.650,  6065,21315,20575,   465,   389,  -349,-1290, 460, 3850932,-12103215,197429,47474, -848,13905,   15
 89159.650,  6064,21310,20590,   454,   404,  -470,-1202, 462, 3850798,-12103052,197426,47463,-1156,13878,   20
 89160.650,  6066,21309,20585,   449,   397,  -611,-1240, 460, 3850664,-12102889,197423,47457,-1363,13845,   25
 89161.650,  6072,21310,20567,   476,   397,  -520,-1148, 464, 3850531,-12102725,197419,47446,-1409,13791,   38
 89162.650,  6076,21310,20563,   484,   401,  -346,-1247, 464, 3850400,-12102559,197413,47438,-1299,13709,   40
 89163.650,  6077,21313,20555,   453,   366,  -278,-1112, 463, 3850269,-12102392,197409,47440,-1238,13643,   43
 89164.650,  6078,21312,20554,   365,   292,  -196,-1341, 453, 3850141,-12102223,197402,47436,-1140,13520,   45
 89165.650,  6079,21309,20561,   334,   280,  -123,-1280, 450, 3850013,-12102053,197395,47427,-1069,13446,   49
 89166.650,  6079,21308,20560,   323,   279,   -99,-1316, 448, 3849888,-12101879,197389,47426, -985,13363,   54
 89167.650,  6080,21311,20545,   319,   269,  -107,-1272, 448, 3849763,-12101705,197383,47430, -920,13299,   60
 89168.650,  6078,21314,20530,   307,   254,   -41,-1194, 447, 3849640,-12101529,197381,47441, -848,13234,   65
 89169.650,  6077,21313,20525,   301,   258,    61,-1071, 445, 3849518,-12101352,197380,47442, -784,13181,   67
 89170.650,  6074,21310,20530,   287,   272,   -37,-1314, 445, 3849397,-12101174,197379,47442, -722,13123,   68
 89171.650,  6071,21315,20508,   294,   267,   -16,-1135, 445, 3849277,-12100994,197381,47458, -687,13089,   71
 89172.650,  6070,21316,20483,   299,   258,   106,-1208, 444, 3849158,-12100814,197381,47466, -622,13042,   64
 89173.650,  6068,21313,20478,   300,   269,    73,-1200, 445, 3849040,-12100632,197387,47463, -581,13016,   63
 89174.650,  6066,21315,20462,   303,   269,   165,-1375, 445, 3848923,-12100450,197392,47472, -535,12983,   57
 89175.650,  6063,21315,20450,   301,   266,    97,-1216, 445, 3848808,-12100267,197398,47478, -508,12964,   52
 89176.650,  6062,21319,20430,   300,   252,    64,-1097, 444, 3848692,-12100083,197403,47490, -466,12933,   48
 89177.650,  6061,21324,20410,   303,   241,    63,-1232, 443, 3848578,-12099899,197409,47501, -435,12912,   44
 89178.650,  6059,21327,20399,   304,   239,    54,-1108, 442, 3848464,-12099713,197422,47513, -401,12888,   36
 89179.650,  6057,21330,20387,   306,   234,    32,-1265, 442, 3848351,-12099529,197428,47524, -380,12873,   29
 89180.650,  6057,21332,20378,   305,   229,    -1,-1331, 442, 3848239,-12099343,197434,47529, -351,12854,   20
 89181.650,  6057,21336,20366,   307,   221,   -29,-1156, 442, 3848127,-12099156,197445,47538, -327,12840,   15
 89182.650,  6058,21343,20341,   317,   201,    16,-1157, 441, 3848017,-12098970,197454,47551, -293,12819,    9
 89183.650,  6058,21344,20342,   311,   200,   -14,-1281, 441, 3847906,-12098783,197459,47554, -277,12806,    4
 89184.650,  6058,21348,20326,   319,   186,   -36,-1263, 441, 3847796,-12098595,197465,47562, -265,12793,    1
 89185.650,  6058,21350,20322,   323,   187,   -33,-1271, 440, 3847686,-12098407,197467,47566, -245,12779,   -1
 89186.650,  6061,21353,20315,   319,   172,   -35,-1168, 441, 3847577,-12098220,197470,47567, -200,12765,   -1
 89187.650,  6062,21356,20308,   313,   156,    39,-1244, 440, 3847467,-12098031,197472,47570,   24,12748,    0
 89188.650,  6062,21357,20309,   319,   168,   -24,-1151, 439, 3847358,-12097843,197474,47574,  130,12736,   -4
 89189.650,  6066,21361,20290,   338,   165,    15,-1299, 441, 3847248,-12097656,197477,47574,  141,12739,    4
 89190.650,  6066,21363,20283,   343,   164,    22,-1171, 441, 3847138,-12097467,197477,47576,  156,12747,    8
 89191.650,  6066,21362,20286,   339,   169,    52,-1225, 441, 3847029,-12097280,197479,47576,  148,12757,    8
 89192.650,  6066,21362,20289,   335,   174,   -13,-1138, 441, 3846919,-12097092,197482,47577,  124,12769,   10
 89193.650,  6066,21365,20284,   333,   170,   -25,-1116, 441, 3846820,-12096922,197483,47581,  104,12776,   13
 89194.650,  6066,21365,20283,   331,   174,   -46,-1214, 441, 3846647,-12096618,197495,47582,   90,12784,   15
 89195.650,  6067,21365,20276,   337,   180,  -101,-1482, 442, 3846570,-12096469,197504,47581,   71,12793,   19
 89196.650,  6067,21364,20278,   331,   185,   -89,-1207, 441, 3846462,-12096282,197505,47579,   58,12798,   23
 89197.650,  6068,21365,20263,   340,   180,   -48,-1309, 442, 3846354,-12096094,197506,47577,   41,12803,   27
 89198.650,  6067,21365,20255,   342,   183,   -88,-1194, 442, 3846246,-12095906,197507,47579,   29,12805,   29
 89199.650,  6069,21364,20248,   344,   186,   -64,-1087, 443, 3846147,-12095731,197510,47574,   20,12808,   32
 89200.650,  6066,21360,20250,   337,   192,    -3,-1226, 443, 3846047,-12095555,197513,47570,   15,12809,   33
 89201.650,  6066,21361,20246,   333,   191,   -77,-1213, 442, 3845938,-12095367,197514,47573,   12,12808,   34
 89202.650,  6066,21363,20234,   334,   185,   -31,-1176, 442, 3845829,-12095179,197516,47578,    9,12807,   36
 89203.650,  6065,21362,20233,   331,   191,   -15,-1156, 442, 3845721,-12094991,197517,47579,   10,12806,   37
 89204.650,  6064,21363,20233,   325,   197,   -73,-1241, 442, 3845616,-12094809,197518,47580,   14,12806,   36
 89205.650,  6064,21362,20226,   322,   196,   -34,-1223, 442, 3845511,-12094625,197520,47581,   18,12806,   36
 89206.650,  6062,21360,20226,   317,   199,   -48,-1068, 441, 3845403,-12094438,197522,47580,   20,12804,   29
