flight/ER2/SEAC4RS-MMS-1HZ_ER2_20130808_RA.ict
49, 1001                                                                                                                                                                                                
Bui, T. Paul                                                                                                                                                                                            
NASA Ames Research Center                                                                                                                                                                               
MMS - Meteorological Measurement System                                                                                                                                                                 
SEAC4RS                                                                                                                                                                                                 
1, 1                                                                                                                                                                                                    
2013, 08, 08, 2013, 08, 08                                                                                                                                                                              
-1                                                                                                                                                                                                      
TIME_UTC, seconds, elapsed time from 0000 UTC                                                                                                                                                           
15                                                                                                                                                                                                      
0.01, 0.01, 0.01, 0.01, 0.01, 0.001, 0.01, 0.01, 0.00001, 0.00001, 0.1, 0.01, 0.01, 0.01, 0.01                                                                                                          
-99999, -9999, -9999, -99999, -99999, -99999, -9999, -999, -9999999, -99999999, -99999, -9999, -9999, -9999, -9999                                                                                      
P, hPa, Static Pressure                                                                                                                                                                                 
T, K, Static Temperature                                                                                                                                                                                
TAS, m/s, True Air Speed                                                                                                                                                                                
U, m/s, E-W Horizontal Wind Speed                                                                                                                                                                       
[...]
DM_CONTACT_INFO: Jon Dean-Day, Bay Area Environmental Research Institute, 596 First St.                                                                                                                 
West, Sonoma, CA, 95476; email: jonathan.m.dean-day@nasa.gov                                                                                                                                            
PROJECT_INFO: SEAC4RS mission August 1 - September 30, 2013; Houston, TX                                                                                                                                
OTHER_COMMENTS:                                                                                                                                                                                         
..\cv\e_130808.cva                                                                                                                                                                                      
REVISION: RA                                                                                                                                                                                            
RA: FIELD DATA                                                                                                                                                                                          
TIME_UTC, P, T, TAS, U, V, W, TEDR, REYN, G_LAT, G_LONG, G_ALT, POT, ROLL, HDG, PITCH                                                                                                                   
[from data line 5572]
 65579.650,  8993,20820,20692,-99999,-99999,-99999, 2307,-999, 3553302,-11174742,170439,41434,   23,11360,  226
 65580.650,  8979,20814,20677,-99999,-99999,-99999, 2306,-999, 3553235,-11174531,170470,41442,   24,11364,  223
 65581.650,  8962,20807,20662,-99999,-99999,-99999, 2309,-999, 3553167,-11174321,170501,41450,   23,11369,  222
 65582.650,  8946,20801,20662,-99999,-99999,-99999, 2309,-999, 3553093,-11174089,170756,41459,   27,11376,  214
 65583.650,  8931,20792,20664,-99999,-99999,-99999, 2309,-999, 3553043,-11173906,171181,41461,   32,11383,  214
 65584.650,  8920,20788,20648,-99999,-99999,-99999, 2309,-999, 3552988,-11173707,171550,41468,   36,11385,  217
 65585.650,  8902,20781,20647,-99999,-99999,-99999, 2309,-999, 3552930,-11173503,171854,41477,   37,11390,  207
 65586.650,  8887,20775,20647,-99999,-99999,-99999, 2310,-999, 3552871,-11173297,172108,41486,   37,11399,  201
 65587.650,  8875,20769,20637,-99999,-99999,-99999, 2308,-999, 3552810,-11173090,172328,41491,   38,11405,  201
 65588.650,  8862,20782,20638,-99999,-99999,-99999, 2311,-999, 3552749,-11172884,172523,41532,   34,11413,  201
 65589.650,  8848,20801,20627,-99999,-99999,-99999, 2312,-999, 3552686,-11172677,172699,41589,   26,11424,  198
 65590.650,  8834,20807,20574,-99999,-99999,-99999, 2311,-999, 3552624,-11172470,172861,41620,   34,11428,  191
 65591.650,  8812,20801,20578,-99999,-99999,-99999, 2312,-999, 3552562,-11172264,173013,41638,   40,11426,  147
 65592.650,  8804,20801,20540,-99999,-99999,-99999, 2307,-999, 3552499,-11172058,173155,41650,   28,11429,  145
 65593.650,  8795,20798,20534,-99999,-99999,-99999, 2310,-999, 3552436,-11171852,173290,41656,   27,11430,  128
 65594.650,  8785,20797,20518,-99999,-99999,-99999, 2312,-999, 3552373,-11171646,173416,41666,   30,11427,  116
 65595.650,  8778,20800,20490,-99999,-99999,-99999, 2311,-999, 3552310,-11171441,173535,41681,   28,11429,  109
 65596.650,  8766,20799,20483,-99999,-99999,-99999, 2311,-999, 3552247,-11171236,173647,41697,   30,11432,   84
 65597.650,  8760,20804,20469,-99999,-99999,-99999, 2311,-999, 3552184,-11171030,173753,41714,   29,11435,   68
 65598.650,  8754,20805,20463,-99999,-99999,-99999, 2312,-999, 3552121,-11170825,173854,41724,   27,11440,   59
 65599.650,  8749,20809,20460,-99999,-99999,-99999, 2315,-999, 3552059,-11170619,173949,41738,   25,11446,   50
 65600.650,  8747,20809,20433,-99999,-99999,-99999, 2312,-999, 3551996,-11170414,174038,41742,   25,11447,   43
 65601.650,  8741,20810,20427,-99999,-99999,-99999, 2312,-999, 3551933,-11170209,174121,41752,   30,11451,   30
 65602.650,  8736,20808,20431,-99999,-99999,-99999, 2314,-999, 3551870,-11170003,174199,41754,   33,11450,   17
 65603.650,  8734,20809,20427,-99999,-99999,-99999, 2312,-999, 3551807,-11169798,174273,41760,   34,11446,   14
 65604.650,  8733,20814,20416,-99999,-99999,-99999, 2309,-999, 3551743,-11169593,174342,41770,   36,11448,   13
 65605.650,  8732,20818,20394,-99999,-99999,-99999, 2317,-999, 3551680,-11169387,174405,41781,   40,11447,    5
 65606.650,  8727,20827,20389,-99999,-99999,-99999, 2316,-999, 3551617,-11169181,174464,41806,   40,11445,   -5
 65607.650,  8725,20829,20390,-99999,-99999,-99999, 2314,-999, 3551554,-11168975,174519,41813,   36,11444,  -16
 65608.650,  8722,20821,20419,-99999,-99999,-99999, 2315,-999, 3551490,-11168769,174569,41799,   30,11440,  -23
 65609.650,  8727,20821,20424,-99999,-99999,-99999, 2314,-999, 3551427,-11168563,174615,41794,   28,11438,   -7
 65610.650,  8730,20829,20416,-99999,-99999,-99999, 2315,-999, 3551363,-11168357,174657,41804,   28,11438,    9
 65611.650,  8725,20829,20434,-99999,-99999,-99999, 2317,-999, 3551299,-11168151,174695,41812,   31,11439,    4
 65612.650,  8722,20819,20463,-99999,-99999,-99999, 2316,-999, 3551236,-11167945,174731,41796,   27,11443,    7
 65613.650,  8724,20825,20458,-99999,-99999,-99999, 2313,-999, 3551172,-11167739,174766,41806,   20,11445,   47
 65614.650,  8722,20827,20448,-99999,-99999,-99999, 2318,-999, 3551107,-11167533,174798,41813,   27,11444,   50
 65615.650,  8713,20813,20480,-99999,-99999,-99999, 2317,-999, 3551043,-11167326,174829,41798,   32,11447,   46
 65616.650,  8710,20819,20467,-99999,-99999,-99999, 2319,-999, 3550978,-11167119,174860,41813,   20,11453,   67
 65617.650,  8706,20829,20433,-99999,-99999,-99999, 2318,-999, 3550913,-11166912,174891,41837,   21,11453,   74
 65618.650,  8693,20818,20457,-99999,-99999,-99999, 2317,-999, 3550848,-11166706,174921,41833,   29,11448,   52
 65619.650,  8690,20815,20457,-99999,-99999,-99999, 2317,-999, 3550784,-11166500,174952,41832,   24,11444,   63
 65620.650,  8690,20823,20424,-99999,-99999,-99999, 2317,-999, 3550718,-11166293,174984,41849,   21,11447,   75
 65621.650,  8679,20826,20421,-99999,-99999,-99999, 2318,-999, 3550654,-11166086,175014,41869,   22,11445,   52
 65622.650,  8674,20824,20414,-99999,-99999,-99999, 2315,-999, 3550588,-11165879,175045,41874,   21,11441,   50
 65623.650,  8671,20815,20422,-99999,-99999,-99999, 2317,-999, 3550523,-11165673,175075,41858,   17,11441,   47
 65624.650,  8667,20813,20418,-99999,-99999,-99999, 2315,-999, 3550458,-11165466,175105,41860,   19,11444,   53
 65625.650,  8665,20814,20410,-99999,-99999,-99999, 2316,-999, 3550393,-11165259,175133,41865,   24,11445,   52
 65626.650,  8658,20815,20417,-99999,-99999,-99999, 2315,-999, 3550328,-11165053,175161,41875,   31,11443,   48
 65627.650,  8653,20812,20416,-99999,-99999,-99999, 2315,-999, 3550263,-11164846,175188,41877,   29,11442,   45
 65628.650,  8648,20807,20427,-99999,-99999,-99999, 2318,-999, 3550198,-11164639,175216,41874,   27,11441,   45
 65629.650,  8646,20822,20390,-99999,-99999,-99999, 2318,-999, 3550133,-11164432,175242,41908,   25,11443,   46
 65630.650,  8637,20829,20375,-99999,-99999,-99999, 2317,-999, 3550068,-11164225,175268,41933,   29,11445,   25
 65631.650,  8630,20827,20388,-99999,-99999,-99999, 2316,-999, 3550002,-11164019,175294,41940,   31,11444,    7
 65632.650,  8631,20831,20375,-99999,-99999,-99999, 2317,-999, 3549937,-11163812,175319,41946,   23,11444,    5
 65633.650,  8630,20836,20367,-99999,-99999,-99999, 2319,-999, 3549872,-11163604,175345,41957,   24,11444,    1
 65634.650,  8628,20839,20366,-99999,-99999,-99999, 2320,-999, 3549807,-11163397,175376,41967,   28,11441,  -10
 65635.650,  8626,20837,20378,-99999,-99999,-99999, 2318,-999, 3549743,-11163192,175408,41966,   28,11440,  -18
 65636.650,  8628,20846,20374,-99999,-99999,-99999, 2320,-999, 3549678,-11162983,175428,41980,   31,11440,  -17
 65637.650,  8628,20858,20354,-99999,-99999,-99999, 2317,-999, 3549613,-11162776,175447,42006,   32,11437,  -20
 65638.650,  8623,20851,20388,-99999,-99999,-99999, 2320,-999, 3549548,-11162567,175463,41997,   30,11431,  -38
 65639.650,  8627,20849,20399,-99999,-99999,-99999, 2319,-999, 3549483,-11162360,175477,41988,   23,11430,  -24
 65640.650,  8632,20857,20394,-99999,-99999,-99999, 2318,-999, 3549418,-11162152,175489,41996,   28,11430,   -7
 65641.650,  8630,20871,20376,-99999,-99999,-99999, 2321,-999, 3549353,-11161943,175498,42029,   35,11430,   -7
 65642.650,  8622,20866,20405,-99999,-99999,-99999, 2322,-999, 3549287,-11161735,175507,42029,   33,11428,  -26
 65643.650,  8623,20868,20413,-99999,-99999,-99999, 2322,-999, 3549222,-11161527,175515,42031,   25,11427,  -14
 65644.650,  8628,20878,20400,-99999,-99999,-99999, 2324,-999, 3549156,-11161318,175522,42045,   28,11424,    6
 65645.650,  8621,20880,20416,-99999,-99999,-99999, 2321,-999, 3549091,-11161109,175528,42059,   33,11420,   -5
 65646.650,  8618,20875,20442,-99999,-99999,-99999, 2322,-999, 3549025,-11160900,175533,42052,   30,11416,   -9
 65647.650,  8623,20879,20438,-99999,-99999,-99999, 2324,-999, 3548959,-11160691,175544,42053,   27,11417,   15
 65648.650,  8619,20876,20458,-99999,-99999,-99999, 2324,-999, 3548893,-11160482,175549,42053,   25,11418,   19
 65649.650,  8614,20877,20478,-99999,-99999,-99999, 2322,-999, 3548827,-11160272,175554,42063,   28,11416,   25
 65650.650,  8613,20884,20463,-99999,-99999,-99999, 2326,-999, 3548761,-11160063,175561,42078,   30,11414,   34
 65651.650,  8608,20883,20475,-99999,-99999,-99999, 2324,-999, 3548694,-11159854,175567,42082,   30,11413,   31
 65652.650,  8603,20882,20484,-99999,-99999,-99999, 2322,-999, 3548628,-11159644,175575,42087,   29,11412,   31
 65653.650,  8602,20880,20491,-99999,-99999,-99999, 2324,-999, 3548562,-11159435,175585,42085,   25,11413,   39
 65654.650,  8599,20882,20484,-99999,-99999,-99999, 2326,-999, 3548496,-11159225,175596,42095,   25,11414,   47
 65655.650,  8593,20881,20491,-99999,-99999,-99999, 2321,-999, 3548429,-11159015,175607,42100,   26,11413,   48
 65656.650,  8588,20882,20494,-99999,-99999,-99999, 2323,-999, 3548362,-11158805,175620,42109,   26,11410,   50
 65657.650,  8584,20882,20490,-99999,-99999,-99999, 2321,-999, 3548296,-11158596,175635,42115,   22,11405,   52
 65658.650,  8579,20879,20496,-99999,-99999,-99999, 2327,-999, 3548229,-11158386,175651,42117,   19,11402,   54
 65659.650,  8573,20877,20505,-99999,-99999,-99999, 2326,-999, 3548163,-11158176,175668,42120,   15,11400,   57
 65660.650,  8569,20881,20486,-99999,-99999,-99999, 2327,-999, 3548096,-11157966,175687,42133,   20,11398,   62
 65661.650,  8562,20884,20480,-99999,-99999,-99999, 2325,-999, 3548030,-11157756,175707,42149,   23,11396,   61
 65662.650,  8554,20881,20491,-99999,-99999,-99999, 2328,-999, 3547963,-11157547,175728,42155,   27,11393,   46
 65663.650,  8551,20881,20490,-99999,-99999,-99999, 2327,-999, 3547897,-11157337,175751,42159,   38,11390,   45
 65664.650,  8547,20883,20490,-99999,-99999,-99999, 2324,-999, 3547830,-11157126,175773,42170,   18,11390,   44
 65665.650,  8545,20883,20489,-99999,-99999,-99999, 2325,-999, 3547764,-11156916,175797,42171,   18,11388,   49
 65666.650,  8541,20880,20499,-99999,-99999,-99999, 2327,-999, 3547698,-11156707,175820,42171,   23,11386,   47
 65667.650,  8537,20884,20499,-99999,-99999,-99999, 2329,-999, 3547631,-11156496,175844,42185,   20,11387,   46
 65668.650,  8533,20886,20498,-99999,-99999,-99999, 2328,-999, 3547565,-11156286,175868,42194,   20,11386,   49
 65669.650,  8528,20885,20508,-99999,-99999,-99999, 2326,-999, 3547498,-11156076,175893,42200,   24,11386,   48
 65670.650,  8522,20890,20520,-99999,-99999,-99999, 2329,-999, 3547432,-11155866,175918,42217,   31,11383,   44
 65671.650,  8520,20896,20518,-99999,-99999,-99999, 2329,-999, 3547366,-11155655,175944,42234,   34,11379,   43
 65672.650,  8516,20901,20528,-99999,-99999,-99999, 2325,-999, 3547299,-11155445,175970,42249,   30,11377,   43
 65673.650,  8512,20903,20544,-99999,-99999,-99999, 2328,-999, 3547233,-11155235,175996,42259,   28,11377,   45
 65674.650,  8509,20901,20559,-99999,-99999,-99999, 2327,-999, 3547167,-11155024,176023,42258,   30,11376,   49
 65675.650,  8506,20899,20565,-99999,-99999,-99999, 2330,-999, 3547101,-11154814,176050,42260,   30,11374,   60
 65676.650,  8502,20901,20582,-99999,-99999,-99999, 2328,-999, 3547034,-11154604,176077,42268,   24,11374,   63
 65677.650,  8498,20906,20606,-99999,-99999,-99999, 2328,-999, 3546968,-11154393,176105,42283,   18,11373,   69
 65678.650,  8496,20908,20616,-99999,-99999,-99999, 2330,-999, 3546901,-11154183,176134,42293,   23,11375,   89
 65679.650,  8488,20907,20635,-99999,-99999,-99999, 2329,-999, 3546835,-11153972,176164,42299,   31,11375,   98
 65680.650,  8481,20907,20658,-99999,-99999,-99999, 2327,-999, 3546769,-11153762,176196,42310,   32,11374,  106
 65681.650,  8474,20905,20677,-99999,-99999,-99999, 2328,-999, 3546702,-11153552,176230,42317,   23,11375,  123
 65682.650,  8469,20902,20672,-99999,-99999,-99999, 2329,-999, 3546636,-11153341,176266,42318,   18,11375,  139
 65683.650,  8460,20897,20666,-99999,-99999,-99999, 2332,-999, 3546569,-11153131,176304,42320,   31,11373,  151
 65684.650,  8449,20893,20678,-99999,-99999,-99999, 2333,-999, 3546502,-11152921,176346,42329,   29,11371,  152
 65685.650,  8438,20894,20701,-99999,-99999,-99999, 2330,-999, 3546436,-11152711,176390,42345,   21,11372,  159
 65686.650,  8431,20905,20733,-99999,-99999,-99999, 2329,-999, 3546369,-11152501,176438,42378,   17,11374,  175
 65687.650,  8424,20917,20761,-99999,-99999,-99999, 2330,-999, 3546303,-11152291,176488,42413,   14,11379,  192
 65688.650,  8415,20924,20775,-99999,-99999,-99999, 2329,-999, 3546236,-11152082,176541,42440,   17,11388,  216
 65689.650,  8401,20927,20788,-99999,-99999,-99999, 2333,-999, 3546169,-11151873,176598,42466,   24,11395,  227
 65690.650,  8386,20928,20783,-99999,-99999,-99999, 2333,-999, 3546103,-11151663,176658,42490,   25,11403,  234
 65691.650,  8372,20928,20761,-99999,-99999,-99999, 2330,-999, 3546037,-11151454,176724,42509,   25,11413,  240
 65692.650,  8357,20924,20743,-99999,-99999,-99999, 2334,-999, 3545970,-11151246,176793,42524,   30,11415,  233
 65693.650,  8342,20920,20722,-99999,-99999,-99999, 2335,-999, 3545904,-11151038,176866,42538,   31,11416,  228
 65694.650,  8327,20913,20708,-99999,-99999,-99999, 2332,-999, 3545838,-11150830,176943,42546,   33,11415,  221
 65695.650,  8313,20908,20675,-99999,-99999,-99999, 2334,-999, 3545772,-11150623,177022,42555,   27,11418,  210
 65696.650,  8299,20902,20655,-99999,-99999,-99999, 2333,-999, 3545707,-11150416,177103,42563,   25,11422,  194
 65697.650,  8289,20897,20626,-99999,-99999,-99999, 2333,-999, 3545641,-11150209,177186,42569,   22,11421,  180
 65698.650,  8278,20892,20603,-99999,-99999,-99999, 2332,-999, 3545576,-11150002,177270,42575,   21,11421,  164
 65699.650,  8267,20888,20575,-99999,-99999,-99999, 2337,-999, 3545511,-11149796,177353,42583,   22,11423,  150
 65700.650,  8257,20886,20546,-99999,-99999,-99999, 2331,-999, 3545446,-11149590,177436,42593,   22,11422,  128
 65701.650,  8247,20882,20530,-99999,-99999,-99999, 2335,-999, 3545381,-11149383,177518,42599,   24,11421,  106
 65702.650,  8241,20880,20508,-99999,-99999,-99999, 2330,-999, 3545316,-11149177,177598,42605,   26,11422,   92
 65703.650,  8234,20875,20505,-99999,-99999,-99999, 2333,-999, 3545252,-11148971,177676,42604,   33,11422,   69
 65704.650,  8231,20872,20493,-99999,-99999,-99999, 2330,-999, 3545188,-11148766,177750,42603,   36,11424,   59
 65705.650,  8229,20870,20485,-99999,-99999,-99999, 2335,-999, 3545124,-11148560,177821,42601,   34,11426,   49
 65706.650,  8227,20867,20487,-99999,-99999,-99999, 2334,-999, 3545060,-11148354,177888,42597,   36,11427,   42
 65707.650,  8225,20864,20483,-99999,-99999,-99999, 2329,-999, 3544996,-11148149,177952,42595,   41,11427,   36
 65708.650,  8222,20864,20478,-99999,-99999,-99999, 2331,-999, 3544932,-11147943,178012,42599,   45,11427,   28
 65709.650,  8220,20860,20486,-99999,-99999,-99999, 2333,-999, 3544868,-11147737,178068,42594,   33,11429,   26
 65710.650,  8220,20859,20477,-99999,-99999,-99999, 2332,-999, 3544804,-11147531,178122,42592,   29,11427,   29
 65711.650,  8219,20860,20470,-99999,-99999,-99999, 2339,-999, 3544740,-11147325,178176,42594,   32,11424,   28
 65712.650,  8215,20858,20473,-99999,-99999,-99999, 2337,-999, 3544676,-11147119,178223,42597,   32,11424,   23
 65713.650,  8213,20856,20476,-99999,-99999,-99999, 2332,-999, 3544611,-11146913,178272,42596,   29,11424,   24
 65714.650,  8211,20852,20489,-99999,-99999,-99999, 2331,-999, 3544547,-11146706,178316,42592,   27,11424,   24
 65715.650,  8211,20851,20486,-99999,-99999,-99999, 2330,-999, 3544482,-11146498,178359,42591,   25,11425,   30
 65716.650,  8209,20853,20483,-99999,-99999,-99999, 2333,-999, 3544417,-11146290,178402,42596,   26,11426,   33
 65717.650,  8205,20855,20476,-99999,-99999,-99999, 2339,-999, 3544352,-11146085,178451,42605,   31,11428,   37
 65718.650,  8203,20855,20473,-99999,-99999,-99999, 2339,-999, 3544286,-11145878,178493,42610,   36,11428,   35
 65719.650,  8200,20853,20480,-99999,-99999,-99999, 2330,-999, 3544222,-11145671,178535,42609,   33,11431,   32
 65720.650,  8196,20852,20479,-99999,-99999,-99999, 2333,-999, 3544156,-11145465,178577,42613,   23,11433,   36
