flight/ER2/SEAC4RS-MMS-1HZ_ER2_20130821_RA.ict
49, 1001                                                                                                                                                                                                
Bui, T. Paul                                                                                                                                                                                            
NASA Ames Research Center                                                                                                                                                                               
MMS - Meteorological Measurement System                                                                                                                                                                 
SEAC4RS                                                                                                                                                                                                 
1, 1                                                                                                                                                                                                    
2013, 08, 21, 2013, 08, 21                                                                                                                                                                              
-1                                                                                                                                                                                                      
TIME_UTC, seconds, elapsed time from 0000 UTC                                                                                                                                                           
15                                                                                                                                                                                                      
0.01, 0.01, 0.01, 0.01, 0.01, 0.001, 0.01, 0.01, 0.00001, 0.00001, 0.1, 0.01, 0.01, 0.01, 0.01                                                                                                          
-99999, -9999, -9999, -99999, -99999, -99999, -9999, -999, -9999999, -99999999, -99999, -9999, -9999, -9999, -9999                                                                                      
P, hPa, Static Pressure                                                                                                                                                                                 
T, K, Static Temperature                                                                                                                                                                                
TAS, m/s, True Air Speed                                                                                                                                                                                
U, m/s, E-W Horizontal Wind Speed                                                                                                                                                                       
[...]
DM_CONTACT_INFO: Jon Dean-Day, Bay Area Environmental Research Institute, 596 First St.                                                                                                                 
West, Sonoma, CA, 95476; email: jonathan.m.dean-day@nasa.gov                                                                                                                                            
PROJECT_INFO: SEAC4RS mission August 1 - September 30, 2013; Houston, TX                                                                                                                                
OTHER_COMMENTS:                                                                                                                                                                                         
..\cv\e_130821.cva                                                                                                                                                                                      
REVISION: RA                                                                                                                                                                                            
RA: Preliminary FIELD DATA, Not funded for 3D Winds                                                                                                                                                     
TIME_UTC, P, T, TAS, U, V, W, TEDR, REYN, G_LAT, G_LONG, G_ALT, POT, ROLL, HDG, PITCH                                                                                                                   
[from data line 20715]
 75365.950,  6911,20680,19750,-99999,-99999,-99999,-9999,-999, 3058098, -9142684,188974,44373,   29,32397,  121
 75366.950,  6904,20686,19754,-99999,-99999,-99999,-9999,-999, 3058240, -9142816,188994,44398,   31,32394,  135
 75367.950,  6897,20694,19779,-99999,-99999,-99999,-9999,-999, 3058382, -9142947,189019,44428,   27,32392,  145
 75368.950,  6892,20697,19795,-99999,-99999,-99999,-9999,-999, 3058524, -9143078,189047,44443,   21,32389,  164
 75369.950,  6886,20710,19791,-99999,-99999,-99999,-9999,-999, 3058665, -9143209,189079,44484,   24,32390,  179
 75370.950,  6877,20723,19807,-99999,-99999,-99999,-9999,-999, 3058807, -9143340,189116,44527,   27,32394,  184
 75371.950,  6868,20735,19836,-99999,-99999,-99999,-9999,-999, 3058949, -9143470,189157,44569,   23,32403,  190
 75372.950,  6863,20763,19893,-99999,-99999,-99999,-9999,-999, 3059091, -9143601,189202,44640,   21,32412,  209
 75373.950,  6856,20780,19886,-99999,-99999,-99999,-9999,-999, 3059232, -9143732,189251,44689,   25,32419,  230
 75374.950,  6846,20797,19801,-99999,-99999,-99999,-9999,-999, 3059372, -9143862,189291,44743,   29,32425,  208
 75375.950,  6825,20809,19769,-99999,-99999,-99999,-9999,-999, 3059513, -9143994,189349,44810,   25,32429,  173
 75376.950,  6816,20826,19709,-99999,-99999,-99999,-9999,-999, 3059655, -9144123,189396,44863,   20,32437,  145
 75377.950,  6808,20835,19681,-99999,-99999,-99999,-9999,-999, 3059799, -9144252,189435,44896,   28,32441,  109
 75378.950,  6800,20840,19647,-99999,-99999,-99999,-9999,-999, 3059939, -9144382,189507,44923,   36,32442,   77
 75379.950,  6797,20844,19620,-99999,-99999,-99999,-9999,-999, 3060079, -9144512,189574,44936,   37,32442,   46
 75380.950,  6793,20846,19599,-99999,-99999,-99999,-9999,-999, 3060219, -9144642,189638,44949,   38,32441,   20
 75381.950,  6793,20849,19590,-99999,-99999,-99999,-9999,-999, 3060359, -9144773,189697,44955,   38,32440,   -3
 75382.950,  6793,20850,19593,-99999,-99999,-99999,-9999,-999, 3060499, -9144902,189751,44959,   40,32439,  -31
 75383.950,  6793,20852,19601,-99999,-99999,-99999,-9999,-999, 3060639, -9145032,189799,44962,   40,32438,  -51
 75384.950,  6794,20855,19614,-99999,-99999,-99999,-9999,-999, 3060779, -9145162,189843,44965,   39,32438,  -67
 75385.950,  6798,20858,19620,-99999,-99999,-99999,-9999,-999, 3060920, -9145292,189881,44966,   41,32437,  -77
 75386.950,  6801,20862,19623,-99999,-99999,-99999,-9999,-999, 3061060, -9145423,189913,44967,   39,32436,  -85
 75387.950,  6803,20865,19626,-99999,-99999,-99999,-9999,-999, 3061201, -9145552,189939,44971,   35,32435,  -96
 75388.950,  6806,20868,19642,-99999,-99999,-99999,-9999,-999, 3061342, -9145683,189961,44971,   32,32434, -100
 75389.950,  6809,20871,19655,-99999,-99999,-99999,-9999,-999, 3061483, -9145813,189978,44971,   32,32434, -100
 75390.950,  6814,20875,19669,-99999,-99999,-99999,-9999,-999, 3061624, -9145944,189990,44972,   36,32434,  -98
 75391.950,  6816,20876,19701,-99999,-99999,-99999,-9999,-999, 3061766, -9146075,189998,44971,   35,32436,  -94
 75392.950,  6820,20878,19734,-99999,-99999,-99999,-9999,-999, 3061907, -9146206,190003,44967,   30,32437,  -76
 75393.950,  6827,20881,19745,-99999,-99999,-99999,-9999,-999, 3062049, -9146337,190004,44961,   29,32440,  -58
 75394.950,  6829,20877,19788,-99999,-99999,-99999,-9999,-999, 3062191, -9146469,190002,44948,   30,32443,  -43
 75395.950,  6832,20874,19840,-99999,-99999,-99999,-9999,-999, 3062334, -9146601,189997,44936,   30,32449,   -9
 75396.950,  6838,20877,19858,-99999,-99999,-99999,-9999,-999, 3062476, -9146733,189991,44929,   31,32455,   20
 75397.950,  6838,20872,19896,-99999,-99999,-99999,-9999,-999, 3062619, -9146865,189985,44921,   32,32458,   42
 75398.950,  6835,20868,19928,-99999,-99999,-99999,-9999,-999, 3062762, -9146997,189978,44919,   24,32463,   69
 75399.950,  6834,20866,19944,-99999,-99999,-99999,-9999,-999, 3062905, -9147129,189975,44915,   17,32465,   92
 75400.950,  6832,20861,19964,-99999,-99999,-99999,-9999,-999, 3063048, -9147261,189976,44906,   17,32465,  114
 75401.950,  6829,20856,19980,-99999,-99999,-99999,-9999,-999, 3063192, -9147393,189979,44903,   24,32463,  138
 75402.950,  6823,20852,20001,-99999,-99999,-99999,-9999,-999, 3063335, -9147526,189984,44907,   23,32463,  152
 75403.950,  6816,20851,20005,-99999,-99999,-99999,-9999,-999, 3063478, -9147659,189993,44916,   15,32463,  172
 75404.950,  6810,20849,20004,-99999,-99999,-99999,-9999,-999, 3063621, -9147791,190009,44923,   14,32464,  185
 75405.950,  6802,20845,20006,-99999,-99999,-99999,-9999,-999, 3063764, -9147923,190031,44931,   15,32464,  194
 75406.950,  6794,20845,19990,-99999,-99999,-99999,-9999,-999, 3063908, -9148055,190057,44944,   16,32465,  202
 75407.950,  6784,20848,19970,-99999,-99999,-99999,-9999,-999, 3064051, -9148187,190090,44969,   14,32466,  196
 75408.950,  6772,20847,19963,-99999,-99999,-99999,-9999,-999, 3064193, -9148319,190127,44990,   14,32464,  186
 75409.950,  6764,20846,19958,-99999,-99999,-99999,-9999,-999, 3064336, -9148452,190165,45004,   14,32455,  178
 75410.950,  6757,20845,19950,-99999,-99999,-99999,-9999,-999, 3064480, -9148584,190195,45016,   19,32449,  173
 75411.950,  6750,20843,19945,-99999,-99999,-99999,-9999,-999, 3064624, -9148717,190217,45024,   22,32440,  168
 75412.950,  6743,20839,19932,-99999,-99999,-99999,-9999,-999, 3064768, -9148847,190248,45028,   25,32433,  160
 75413.950,  6734,20835,19920,-99999,-99999,-99999,-9999,-999, 3064911, -9148977,190281,45037,   30,32427,  149
 75414.950,  6727,20832,19913,-99999,-99999,-99999,-9999,-999, 3065055, -9149108,190316,45045,   27,32419,  137
 75415.950,  6722,20829,19907,-99999,-99999,-99999,-9999,-999, 3065196, -9149241,190374,45048,   25,32416,  130
 75416.950,  6717,20827,19895,-99999,-99999,-99999,-9999,-999, 3065337, -9149372,190427,45053,   26,32414,  121
 75417.950,  6710,20826,19894,-99999,-99999,-99999,-9999,-999, 3065479, -9149503,190467,45063,   31,32411,  108
 75418.950,  6705,20824,19895,-99999,-99999,-99999,-9999,-999, 3065621, -9149633,190510,45070,   33,32411,  103
 75419.950,  6702,20824,19874,-99999,-99999,-99999,-9999,-999, 3065762, -9149765,190575,45075,   35,32411,   93
 75420.950,  6697,20820,19871,-99999,-99999,-99999,-9999,-999, 3065902, -9149896,190641,45077,   33,32411,   84
 75421.950,  6692,20818,19864,-99999,-99999,-99999,-9999,-999, 3066042, -9150028,190703,45080,   32,32413,   74
 75422.950,  6689,20815,19858,-99999,-99999,-99999,-9999,-999, 3066182, -9150158,190761,45081,   30,32415,   66
 75423.950,  6686,20812,19859,-99999,-99999,-99999,-9999,-999, 3066324, -9150289,190806,45080,   35,32415,   63
 75424.950,  6683,20810,19848,-99999,-99999,-99999,-9999,-999, 3066464, -9150420,190859,45082,   39,32414,   58
 75425.950,  6680,20807,19848,-99999,-99999,-99999,-9999,-999, 3066605, -9150551,190909,45080,   41,32414,   50
 75426.950,  6676,20804,19846,-99999,-99999,-99999,-9999,-999, 3066746, -9150682,190940,45081,   40,32416,   43
 75427.950,  6673,20802,19848,-99999,-99999,-99999,-9999,-999, 3066888, -9150813,190973,45084,   38,32417,   38
 75428.950,  6672,20802,19844,-99999,-99999,-99999,-9999,-999, 3067029, -9150944,191004,45085,   37,32416,   37
 75429.950,  6670,20803,19852,-99999,-99999,-99999,-9999,-999, 3067170, -9151075,191036,45091,   36,32416,   37
 75430.950,  6668,20806,19858,-99999,-99999,-99999,-9999,-999, 3067311, -9151206,191066,45101,   39,32416,   37
 75431.950,  6666,20809,19851,-99999,-99999,-99999,-9999,-999, 3067452, -9151335,191102,45113,   36,32416,   39
 75432.950,  6663,20811,19831,-99999,-99999,-99999,-9999,-999, 3067593, -9151467,191141,45122,   33,32418,   37
 75433.950,  6660,20811,19816,-99999,-99999,-99999,-9999,-999, 3067734, -9151599,191179,45127,   32,32419,   32
 75434.950,  6658,20811,19806,-99999,-99999,-99999,-9999,-999, 3067875, -9151731,191216,45131,   30,32418,   27
 75435.950,  6656,20811,19797,-99999,-99999,-99999,-9999,-999, 3068017, -9151862,191251,45136,   33,32417,   25
 75436.950,  6655,20811,19796,-99999,-99999,-99999,-9999,-999, 3068158, -9151993,191284,45137,   36,32417,   16
 75437.950,  6654,20811,19797,-99999,-99999,-99999,-9999,-999, 3068300, -9152125,191315,45140,   34,32417,   12
 75438.950,  6654,20813,19792,-99999,-99999,-99999,-9999,-999, 3068441, -9152256,191344,45142,   30,32418,   11
 75439.950,  6654,20811,19802,-99999,-99999,-99999,-9999,-999, 3068583, -9152387,191371,45139,   29,32419,   12
 75440.950,  6654,20811,19805,-99999,-99999,-99999,-9999,-999, 3068725, -9152519,191396,45139,   32,32419,   12
 75441.950,  6653,20811,19814,-99999,-99999,-99999,-9999,-999, 3068867, -9152651,191420,45141,   32,32419,   10
 75442.950,  6654,20809,19836,-99999,-99999,-99999,-9999,-999, 3069009, -9152783,191440,45136,   30,32420,   12
 75443.950,  6655,20810,19844,-99999,-99999,-99999,-9999,-999, 3069151, -9152915,191458,45135,   29,32421,   24
 75444.950,  6656,20808,19860,-99999,-99999,-99999,-9999,-999, 3069293, -9153047,191475,45130,   32,32419,   36
 75445.950,  6655,20803,19882,-99999,-99999,-99999,-9999,-999, 3069436, -9153179,191491,45120,   36,32418,   48
 75446.950,  6654,20802,19875,-99999,-99999,-99999,-9999,-999, 3069578, -9153311,191506,45119,   35,32416,   58
 75447.950,  6651,20796,19890,-99999,-99999,-99999,-9999,-999, 3069721, -9153443,191521,45113,   30,32415,   66
 75448.950,  6649,20793,19886,-99999,-99999,-99999,-9999,-999, 3069863, -9153575,191537,45110,   23,32415,   74
 75449.950,  6647,20790,19876,-99999,-99999,-99999,-9999,-999, 3070006, -9153707,191554,45108,   22,32415,   78
 75450.950,  6643,20787,19871,-99999,-99999,-99999,-9999,-999, 3070149, -9153839,191572,45109,   23,32417,   79
 75451.950,  6639,20781,19879,-99999,-99999,-99999,-9999,-999, 3070292, -9153971,191591,45104,   21,32416,   84
 75452.950,  6636,20778,19876,-99999,-99999,-99999,-9999,-999, 3070434, -9154103,191611,45103,   21,32416,   88
 75453.950,  6632,20774,19888,-99999,-99999,-99999,-9999,-999, 3070577, -9154236,191631,45102,   19,32415,   90
 75454.950,  6629,20771,19903,-99999,-99999,-99999,-9999,-999, 3070720, -9154368,191653,45100,   20,32415,   95
 75455.950,  6627,20770,19905,-99999,-99999,-99999,-9999,-999, 3070862, -9154500,191676,45102,   24,32416,  102
 75456.950,  6624,20768,19916,-99999,-99999,-99999,-9999,-999, 3071005, -9154633,191701,45103,   31,32415,  109
 75457.950,  6619,20767,19923,-99999,-99999,-99999,-9999,-999, 3071148, -9154765,191727,45111,   32,32415,  115
 75458.950,  6613,20766,19930,-99999,-99999,-99999,-9999,-999, 3071291, -9154897,191756,45121,   27,32415,  121
 75459.950,  6609,20766,19931,-99999,-99999,-99999,-9999,-999, 3071433, -9155030,191786,45129,   25,32412,  129
 75460.950,  6603,20766,19924,-99999,-99999,-99999,-9999,-999, 3071576, -9155162,191819,45140,   22,32412,  130
 75461.950,  6596,20767,19912,-99999,-99999,-99999,-9999,-999, 3071718, -9155294,191855,45155,   22,32413,  128
 75462.950,  6590,20766,19912,-99999,-99999,-99999,-9999,-999, 3071861, -9155426,191893,45167,   21,32416,  125
 75463.950,  6584,20765,19910,-99999,-99999,-99999,-9999,-999, 3072003, -9155558,191933,45175,   24,32417,  125
 75464.950,  6580,20764,19907,-99999,-99999,-99999,-9999,-999, 3072146, -9155690,191968,45183,   29,32416,  125
 75465.950,  6575,20763,19903,-99999,-99999,-99999,-9999,-999, 3072288, -9155822,192012,45189,   31,32416,  124
 75466.950,  6566,20757,19906,-99999,-99999,-99999,-9999,-999, 3072430, -9155954,192057,45193,   33,32417,  122
 75467.950,  6562,20757,19883,-99999,-99999,-99999,-9999,-999, 3072572, -9156086,192102,45201,   35,32420,  117
 75468.950,  6557,20755,19869,-99999,-99999,-99999,-9999,-999, 3072715, -9156218,192149,45207,   31,32420,  109
 75469.950,  6551,20754,19851,-99999,-99999,-99999,-9999,-999, 3072857, -9156350,192196,45216,   26,32419,  101
 75470.950,  6546,20753,19835,-99999,-99999,-99999,-9999,-999, 3072999, -9156482,192243,45223,   27,32416,   90
 75471.950,  6542,20753,19820,-99999,-99999,-99999,-9999,-999, 3073141, -9156614,192285,45232,   30,32414,   83
 75472.950,  6538,20754,19816,-99999,-99999,-99999,-9999,-999, 3073283, -9156746,192326,45243,   32,32411,   72
 75473.950,  6533,20755,19809,-99999,-99999,-99999,-9999,-999, 3073424, -9156877,192372,45253,   31,32409,   64
 75474.950,  6530,20756,19798,-99999,-99999,-99999,-9999,-999, 3073567, -9157009,192417,45263,   32,32409,   55
 75475.950,  6527,20754,19801,-99999,-99999,-99999,-9999,-999, 3073708, -9157141,192460,45264,   29,32410,   46
 75476.950,  6525,20752,19816,-99999,-99999,-99999,-9999,-999, 3073851, -9157273,192501,45263,   28,32409,   44
 75477.950,  6524,20750,19829,-99999,-99999,-99999,-9999,-999, 3073992, -9157405,192541,45261,   31,32409,   47
 75478.950,  6524,20748,19843,-99999,-99999,-99999,-9999,-999, 3074135, -9157537,192578,45257,   35,32408,   58
 75479.950,  6522,20743,19860,-99999,-99999,-99999,-9999,-999, 3074277, -9157669,192613,45251,   36,32409,   64
 75480.950,  6519,20738,19878,-99999,-99999,-99999,-9999,-999, 3074419, -9157800,192647,45246,   37,32411,   70
 75481.950,  6516,20737,19881,-99999,-99999,-99999,-9999,-999, 3074561, -9157932,192679,45249,   33,32413,   73
 75482.950,  6512,20737,19882,-99999,-99999,-99999,-9999,-999, 3074703, -9158064,192712,45257,   30,32414,   74
 75483.950,  6508,20735,19886,-99999,-99999,-99999,-9999,-999, 3074845, -9158196,192744,45261,   26,32417,   72
 75484.950,  6504,20735,19882,-99999,-99999,-99999,-9999,-999, 3074987, -9158328,192777,45268,   24,32420,   68
 75485.950,  6501,20733,19874,-99999,-99999,-99999,-9999,-999, 3075130, -9158460,192810,45270,   26,32420,   64
 75486.950,  6496,20735,19851,-99999,-99999,-99999,-9999,-999, 3075272, -9158592,192843,45283,   26,32420,   54
 75487.950,  6493,20741,19822,-99999,-99999,-99999,-9999,-999, 3075414, -9158724,192875,45303,   25,32419,   37
 75488.950,  6487,20740,19823,-99999,-99999,-99999,-9999,-999, 3075556, -9158856,192907,45313,   22,32419,   15
 75489.950,  6486,20740,19815,-99999,-99999,-99999,-9999,-999, 3075699, -9158988,192937,45315,   28,32417,    6
 75490.950,  6486,20742,19801,-99999,-99999,-99999,-9999,-999, 3075841, -9159120,192966,45320,   37,32416,  -10
 75491.950,  6484,20742,19807,-99999,-99999,-99999,-9999,-999, 3075984, -9159252,192992,45325,   32,32415,  -27
 75492.950,  6483,20741,19818,-99999,-99999,-99999,-9999,-999, 3076126, -9159384,193014,45324,   28,32415,  -39
 75493.950,  6485,20742,19826,-99999,-99999,-99999,-9999,-999, 3076268, -9159517,193033,45322,   32,32417,  -47
 75494.950,  6487,20742,19838,-99999,-99999,-99999,-9999,-999, 3076411, -9159649,193048,45319,   38,32419,  -53
 75495.950,  6489,20743,19850,-99999,-99999,-99999,-9999,-999, 3076554, -9159782,193060,45316,   37,32422,  -56
 75496.950,  6491,20743,19873,-99999,-99999,-99999,-9999,-999, 3076697, -9159915,193068,45313,   34,32425,  -57
 75497.950,  6491,20743,19902,-99999,-99999,-99999,-9999,-999, 3076840, -9160047,193082,45311,   33,32426,  -57
 75498.950,  6494,20743,19929,-99999,-99999,-99999,-9999,-999, 3076983, -9160181,193084,45306,   35,32428,  -48
 75499.950,  6497,20742,19950,-99999,-99999,-99999,-9999,-999, 3077126, -9160314,193084,45298,   36,32429,  -40
 75500.950,  6499,20743,19962,-99999,-99999,-99999,-9999,-999, 3077270, -9160447,193081,45296,   38,32430,  -33
 75501.950,  6499,20744,19993,-99999,-99999,-99999,-9999,-999, 3077413, -9160581,193077,45299,   34,32432,  -30
 75502.950,  6500,20747,20014,-99999,-99999,-99999,-9999,-999, 3077557, -9160713,193072,45302,   28,32433,  -22
 75503.950,  6502,20749,20025,-99999,-99999,-99999,-9999,-999, 3077701, -9160848,193066,45304,   27,32438,  -10
 75504.950,  6500,20748,20052,-99999,-99999,-99999,-9999,-999, 3077845, -9160981,193061,45304,   28,32439,   -8
 75505.950,  6500,20748,20072,-99999,-99999,-99999,-9999,-999, 3077990, -9161115,193055,45305,   26,32440,   -3
 75506.950,  6501,20751,20077,-99999,-99999,-99999,-9999,-999, 3078134, -9161249,193050,45307,   22,32442,    6
