flight/ER2/SEAC4RS-MMS-1HZ_ER2_20130819_RA.ict
49, 1001                                                                                                                                                                                                
Bui, T. Paul                                                                                                                                                                                            
NASA Ames Research Center                                                                                                                                                                               
MMS - Meteorological Measurement System                                                                                                                                                                 
SEAC4RS                                                                                                                                                                                                 
1, 1                                                                                                                                                                                                    
2013, 08, 19, 2013, 08, 19                                                                                                                                                                              
-1                                                                                                                                                                                                      
TIME_UTC, seconds, elapsed time from 0000 UTC                                                                                                                                                           
15                                                                                                                                                                                                      
0.01, 0.01, 0.01, 0.01, 0.01, 0.001, 0.01, 0.01, 0.00001, 0.00001, 0.1, 0.01, 0.01, 0.01, 0.01                                                                                                          
-99999, -9999, -9999, -99999, -99999, -99999, -9999, -999, -9999999, -99999999, -99999, -9999, -9999, -9999, -9999                                                                                      
P, hPa, Static Pressure                                                                                                                                                                                 
T, K, Static Temperature                                                                                                                                                                                
TAS, m/s, True Air Speed                                                                                                                                                                                
U, m/s, E-W Horizontal Wind Speed                                                                                                                                                                       
[...]
DM_CONTACT_INFO: Jon Dean-Day, Bay Area Environmental Research Institute, 596 First St.                                                                                                                 
West, Sonoma, CA, 95476; email: jonathan.m.dean-day@nasa.gov                                                                                                                                            
PROJECT_INFO: SEAC4RS mission August 1 - September 30, 2013; Houston, TX                                                                                                                                
OTHER_COMMENTS:                                                                                                                                                                                         
..\cv\e_130819.cva                                                                                                                                                                                      
REVISION: RA                                                                                                                                                                                            
RA: Preliminary FIELD DATA, Not funded for 3D Winds                                                                                                                                                     
TIME_UTC, P, T, TAS, U, V, W, TEDR, REYN, G_LAT, G_LONG, G_ALT, POT, ROLL, HDG, PITCH                                                                                                                   
[from data line 1715]
 55975.700,  7308,20687,20307,-99999,-99999,-99999,-9999,-999, 3125778, -9562108,185221,43683,   50,33958, -148
 55976.700,  7325,20684,20321,-99999,-99999,-99999,-9999,-999, 3125849, -9562140,185221,43649,   48,33958, -142
 55977.700,  7339,20670,20328,-99999,-99999,-99999,-9999,-999, 3125928, -9562165,185219,43596,   63,33952, -112
 55978.700,  7355,20635,20338,-99999,-99999,-99999,-9999,-999, 3126006, -9562190,185218,43495,   61,33945,  -73
 55979.700,  7365,20631,20341,-99999,-99999,-99999,-9999,-999, 3126076, -9562213,185217,43468,   45,33925,  -21
 55980.700,  7369,20623,20352,-99999,-99999,-99999,-9999,-999, 3126140, -9562233,185216,43447,   27,33912,    8
 55981.700,  7369,20617,20357,-99999,-99999,-99999,-9999,-999, 3126198, -9562252,185216,43433,   15,33900,   38
 55982.700,  7366,20617,20369,-99999,-99999,-99999,-9999,-999, 3126251, -9562268,185216,43438,   19,33893,   52
 55983.700,  7362,20615,20382,-99999,-99999,-99999,-9999,-999, 3126298, -9562284,185215,43440,   22,33889,   58
 55984.700,  7358,20621,20402,-99999,-99999,-99999,-9999,-999, 3126341, -9562297,185215,43461,   33,33887,   53
 55985.700,  7353,20623,20440,-99999,-99999,-99999,-9999,-999, 3126380, -9562310,185215,43472,   30,33888,   49
 55986.700,  7350,20625,20479,-99999,-99999,-99999,-9999,-999, 3126415, -9562321,185215,43482,   23,33892,   39
 55987.700,  7346,20625,20514,-99999,-99999,-99999,-9999,-999, 3128165, -9562576,185219,43490,   31,33894,   29
 55988.700,  7343,20647,20499,-99999,-99999,-99999,-9999,-999, 3128371, -9563476,185234,43541,   38,33892,   23
 55989.700,  7342,20669,20474,-99999,-99999,-99999,-9999,-999, 3128540, -9563561,185235,43589,   35,33898,   14
 55990.700,  7343,20683,20459,-99999,-99999,-99999,-9999,-999, 3128707, -9563674,185250,43617,   30,33909,    8
 55991.700,  7343,20700,20446,-99999,-99999,-99999,-9999,-999, 3128876, -9563761,185252,43653,   30,33919,    4
 55992.700,  7344,20713,20445,-99999,-99999,-99999,-9999,-999, 3129045, -9563847,185253,43678,   32,33932,    6
 55993.700,  7346,20716,20445,-99999,-99999,-99999,-9999,-999, 3129214, -9563932,185255,43680,   44,33940,    9
 55994.700,  7346,20699,20483,-99999,-99999,-99999,-9999,-999, 3129383, -9564018,185257,43644,   58,33944,    4
 55995.700,  7345,20671,20524,-99999,-99999,-99999,-9999,-999, 3129552, -9564104,185258,43588,   61,33941,    1
 55996.700,  7344,20638,20570,-99999,-99999,-99999,-9999,-999, 3129722, -9564190,185259,43520,   56,33930,    0
 55997.700,  7345,20606,20587,-99999,-99999,-99999,-9999,-999, 3129874, -9564268,185260,43451,   38,33914,    3
 55998.700,  7345,20577,20579,-99999,-99999,-99999,-9999,-999, 3130013, -9564338,185261,43390,   27,33902,    6
 55999.700,  7348,20568,20540,-99999,-99999,-99999,-9999,-999, 3130138, -9564401,185261,43366,   13,33890,   15
 56000.700,  7349,20568,20499,-99999,-99999,-99999,-9999,-999, 3130253, -9564479,185262,43363,   17,33886,   23
 56001.700,  7349,20581,20488,-99999,-99999,-99999,-9999,-999, 3130356, -9564530,185264,43391,   26,33884,   27
 56002.700,  7348,20609,20488,-99999,-99999,-99999,-9999,-999, 3130766, -9564723,185268,43452,   37,33879,   28
 56003.700,  7347,20612,20513,-99999,-99999,-99999,-9999,-999, 3130910, -9564799,185307,43460,   45,33879,   24
 56004.700,  7344,20606,20548,-99999,-99999,-99999,-9999,-999, 3131076, -9564882,185349,43452,   49,33882,   18
 56005.700,  7343,20605,20568,-99999,-99999,-99999,-9999,-999, 3131245, -9564968,185380,43451,   48,33879,    9
 56006.700,  7342,20620,20573,-99999,-99999,-99999,-9999,-999, 3131414, -9565053,185392,43487,   43,33876,    5
 56007.700,  7342,20640,20544,-99999,-99999,-99999,-9999,-999, 3131584, -9565139,185395,43527,   32,33879,    3
 56008.700,  7342,20648,20536,-99999,-99999,-99999,-9999,-999, 3131754, -9565225,185399,43543,   27,33890,    2
 56009.700,  7343,20653,20532,-99999,-99999,-99999,-9999,-999, 3131922, -9565309,185400,43552,   32,33896,    3
 56010.700,  7344,20646,20533,-99999,-99999,-99999,-9999,-999, 3132091, -9565394,185403,43537,   45,33899,    3
 56011.700,  7345,20647,20528,-99999,-99999,-99999,-9999,-999, 3132260, -9565479,185407,43536,   45,33899,    3
 56012.700,  7347,20625,20533,-99999,-99999,-99999,-9999,-999, 3132429, -9565563,185410,43489,   44,33899,    4
 56013.700,  7348,20609,20542,-99999,-99999,-99999,-9999,-999, 3132597, -9565649,185413,43453,   41,33895,    6
 56014.700,  7348,20609,20547,-99999,-99999,-99999,-9999,-999, 3132750, -9565725,185415,43452,   40,33892,    8
 56015.700,  7348,20607,20554,-99999,-99999,-99999,-9999,-999, 3132888, -9565795,185416,43447,   33,33888,   14
 56016.700,  7349,20594,20550,-99999,-99999,-99999,-9999,-999, 3133228, -9565956,185417,43418,   33,33884,   21
 56017.700,  7348,20578,20556,-99999,-99999,-99999,-9999,-999, 3133340, -9566020,185448,43387,   34,33879,   22
 56018.700,  7346,20572,20559,-99999,-99999,-99999,-9999,-999, 3133476, -9566091,185448,43377,   29,33876,   24
 56019.700,  7345,20565,20561,-99999,-99999,-99999,-9999,-999, 3133638, -9566176,185457,43364,   21,33876,   24
 56020.700,  7345,20564,20550,-99999,-99999,-99999,-9999,-999, 3133803, -9566261,185473,43362,   21,33879,   27
 56021.700,  7346,20564,20538,-99999,-99999,-99999,-9999,-999, 3133969, -9566345,185482,43359,   26,33878,   30
 56022.700,  7346,20562,20537,-99999,-99999,-99999,-9999,-999, 3134139, -9566431,185484,43356,   36,33874,   28
 56023.700,  7345,20564,20543,-99999,-99999,-99999,-9999,-999, 3134308, -9566517,185486,43362,   38,33871,   25
 56024.700,  7344,20563,20553,-99999,-99999,-99999,-9999,-999, 3134478, -9566603,185487,43361,   39,33869,   21
 56025.700,  7342,20566,20565,-99999,-99999,-99999,-9999,-999, 3134648, -9566689,185489,43371,   40,33864,   20
 56026.700,  7343,20565,20557,-99999,-99999,-99999,-9999,-999, 3134817, -9566774,185491,43367,   40,33862,   20
 56027.700,  7341,20567,20566,-99999,-99999,-99999,-9999,-999, 3134987, -9566860,185492,43375,   38,33860,   17
 56028.700,  7341,20575,20564,-99999,-99999,-99999,-9999,-999, 3135140, -9566937,185493,43393,   37,33860,   15
 56029.700,  7342,20586,20553,-99999,-99999,-99999,-9999,-999, 3135279, -9567008,185494,43414,   40,33858,   12
 56030.700,  7342,20592,20555,-99999,-99999,-99999,-9999,-999, 3135405, -9567072,185494,43425,   35,33855,   12
 56031.700,  7344,20615,20573,-99999,-99999,-99999,-9999,-999, 3135519, -9567129,185495,43472,   39,33857,   14
 56032.700,  7341,20639,20596,-99999,-99999,-99999,-9999,-999, 3135622, -9567182,185495,43526,   45,33864,   14
 56033.700,  7342,20654,20600,-99999,-99999,-99999,-9999,-999, 3135715, -9567228,185495,43558,   47,33870,   16
 56034.700,  7340,20676,20599,-99999,-99999,-99999,-9999,-999, 3135799, -9567271,185495,43606,   43,33879,   15
 56035.700,  7340,20695,20584,-99999,-99999,-99999,-9999,-999, 3136528, -9567645,185500,43647,   34,33889,   14
 56036.700,  7339,20708,20593,-99999,-99999,-99999,-9999,-999, 3136608, -9567696,185507,43674,   32,33900,   13
 56037.700,  7340,20719,20596,-99999,-99999,-99999,-9999,-999, 3136776, -9567781,185507,43698,   38,33913,   14
 56038.700,  7338,20730,20593,-99999,-99999,-99999,-9999,-999, 3136945, -9567867,185507,43724,   47,33924,   12
 56039.700,  7338,20735,20579,-99999,-99999,-99999,-9999,-999, 3137113, -9567952,185507,43733,   53,33931,   11
 56040.700,  7339,20739,20595,-99999,-99999,-99999,-9999,-999, 3137282, -9568037,185507,43742,   42,33937,    9
 56041.700,  7339,20739,20596,-99999,-99999,-99999,-9999,-999, 3137451, -9568122,185507,43742,   37,33941,    9
 56042.700,  7339,20742,20588,-99999,-99999,-99999,-9999,-999, 3137602, -9568185,185515,43748,   44,33941,    7
 56043.700,  7341,20749,20585,-99999,-99999,-99999,-9999,-999, 3137771, -9568270,185515,43758,   45,33938,    8
 56044.700,  7340,20756,20585,-99999,-99999,-99999,-9999,-999, 3137939, -9568356,185515,43775,   40,33938,   10
 56045.700,  7338,20753,20604,-99999,-99999,-99999,-9999,-999, 3138107, -9568441,185516,43772,   30,33944,   12
 56046.700,  7337,20753,20611,-99999,-99999,-99999,-9999,-999, 3138246, -9568514,185514,43773,   35,33946,    9
 56047.700,  7336,20746,20626,-99999,-99999,-99999,-9999,-999, 3138416, -9568600,185514,43760,   40,33942,    5
 56048.700,  7337,20742,20624,-99999,-99999,-99999,-9999,-999, 3138585, -9568685,185514,43752,   41,33936,    2
 56049.700,  7337,20744,20632,-99999,-99999,-99999,-9999,-999, 3138754, -9568771,185514,43755,   38,33931,    2
 56050.700,  7336,20743,20638,-99999,-99999,-99999,-9999,-999, 3138923, -9568857,185515,43756,   28,33928,    4
 56051.700,  7338,20729,20633,-99999,-99999,-99999,-9999,-999, 3139093, -9568943,185515,43722,   27,33928,    9
 56052.700,  7340,20720,20638,-99999,-99999,-99999,-9999,-999, 3139262, -9569028,185515,43699,   39,33919,    8
 56053.700,  7340,20721,20643,-99999,-99999,-99999,-9999,-999, 3139415, -9569106,185515,43703,   44,33904,    5
 56054.700,  7341,20726,20655,-99999,-99999,-99999,-9999,-999, 3139554, -9569176,185515,43711,   31,33898,    6
 56055.700,  7340,20741,20628,-99999,-99999,-99999,-9999,-999, 3139864, -9569325,185479,43744,   17,33899,   10
 56056.700,  7338,20751,20599,-99999,-99999,-99999,-9999,-999, 3139927, -9569369,185376,43767,   28,33907,   14
 56057.700,  7337,20754,20597,-99999,-99999,-99999,-9999,-999, 3140075, -9569443,185437,43776,   43,33917,   10
 56058.700,  7336,20757,20604,-99999,-99999,-99999,-9999,-999, 3140238, -9569525,185490,43786,   47,33924,    4
 56059.700,  7335,20755,20626,-99999,-99999,-99999,-9999,-999, 3140405, -9569609,185524,43783,   43,33928,   -2
 56060.700,  7334,20757,20641,-99999,-99999,-99999,-9999,-999, 3140573, -9569693,185547,43787,   45,33928,   -4
 56061.700,  7336,20769,20629,-99999,-99999,-99999,-9999,-999, 3140742, -9569778,185563,43811,   48,33929,   -4
 56062.700,  7336,20801,20606,-99999,-99999,-99999,-9999,-999, 3140910, -9569863,185574,43879,   37,33936,   -7
 56063.700,  7334,20814,20598,-99999,-99999,-99999,-9999,-999, 3141079, -9569950,185583,43908,   28,33950,   -6
 56064.700,  7335,20812,20604,-99999,-99999,-99999,-9999,-999, 3141248, -9570035,185590,43902,   47,33961,   -3
 56065.700,  7335,20809,20610,-99999,-99999,-99999,-9999,-999, 3141418, -9570120,185596,43894,   63,33974,   -5
 56066.700,  7337,20824,20613,-99999,-99999,-99999,-9999,-999, 3141587, -9570207,185601,43924,   54,33981,    0
 56067.700,  7339,20837,20602,-99999,-99999,-99999,-9999,-999, 3141756, -9570292,185604,43948,   35,33989,    6
 56068.700,  7338,20844,20591,-99999,-99999,-99999,-9999,-999, 3141926, -9570378,185607,43965,   25,33995,   17
 56069.700,  7337,20828,20618,-99999,-99999,-99999,-9999,-999, 3142095, -9570464,185609,43931,   39,33997,   18
 56070.700,  7337,20829,20629,-99999,-99999,-99999,-9999,-999, 3142264, -9570550,185612,43935,   59,33994,   19
 56071.700,  7337,20834,20613,-99999,-99999,-99999,-9999,-999, 3142433, -9570636,185613,43946,   40,33993,   20
 56072.700,  7338,20831,20617,-99999,-99999,-99999,-9999,-999, 3142603, -9570722,185616,43937,   33,33996,   27
 56073.700,  7337,20848,20593,-99999,-99999,-99999,-9999,-999, 3142772, -9570808,185618,43974,   39,33999,   28
 56074.700,  7336,20834,20610,-99999,-99999,-99999,-9999,-999, 3142941, -9570893,185620,43947,   42,34001,   31
 56075.700,  7335,20881,20596,-99999,-99999,-99999,-9999,-999, 3143111, -9570980,185622,44046,   47,33999,   25
 56076.700,  7332,20845,20578,-99999,-99999,-99999,-9999,-999, 3143280, -9571065,185625,43977,   24,34007,   30
 56077.700,  7337,20820,20598,-99999,-99999,-99999,-9999,-999, 3143449, -9571151,185628,43916,   54,34008,   22
 56078.700,  7336,20870,20612,-99999,-99999,-99999,-9999,-999, 3143618, -9571237,185630,44023,   47,34000,   31
 56079.700,  7336,20816,20594,-99999,-99999,-99999,-9999,-999, 3143788, -9571323,185632,43909,   21,34002,   52
 56080.700,  7339,20804,20624,-99999,-99999,-99999,-9999,-999, 3143957, -9571409,185634,43880,   46,33994,   46
 56081.700,  7336,20835,20606,-99999,-99999,-99999,-9999,-999, 3144126, -9571495,185636,43950,   35,33979,   53
 56082.700,  7336,20865,20566,-99999,-99999,-99999,-9999,-999, 3144295, -9571580,185640,44011,   21,33980,   59
 56083.700,  7332,20870,20542,-99999,-99999,-99999,-9999,-999, 3144464, -9571666,185644,44029,   20,33984,   64
 56084.700,  7330,20872,20509,-99999,-99999,-99999,-9999,-999, 3144633, -9571752,185651,44038,   36,33993,   53
 56085.700,  7326,20871,20533,-99999,-99999,-99999,-9999,-999, 3144802, -9571838,185658,44043,   43,33995,   41
 56086.700,  7322,20864,20540,-99999,-99999,-99999,-9999,-999, 3144971, -9571923,185666,44034,   36,33995,   31
 56087.700,  7321,20855,20563,-99999,-99999,-99999,-9999,-999, 3145140, -9572010,185674,44016,   36,33990,   16
 56088.700,  7322,20848,20564,-99999,-99999,-99999,-9999,-999, 3145308, -9572095,185682,44001,   46,33985,    9
 56089.700,  7324,20859,20566,-99999,-99999,-99999,-9999,-999, 3145477, -9572180,185688,44021,   45,33980,    1
 56090.700,  7327,20834,20561,-99999,-99999,-99999,-9999,-999, 3145646, -9572267,185693,43964,   36,33979,    7
 56091.700,  7331,20847,20546,-99999,-99999,-99999,-9999,-999, 3145814, -9572352,185696,43983,   51,33975,   12
 56092.700,  7332,20865,20523,-99999,-99999,-99999,-9999,-999, 3145983, -9572438,185698,44018,   41,33973,   21
 56093.700,  7333,20856,20513,-99999,-99999,-99999,-9999,-999, 3146151, -9572523,185699,43998,   30,33977,   27
 56094.700,  7332,20854,20532,-99999,-99999,-99999,-9999,-999, 3146320, -9572608,185701,43995,   43,33979,   29
 56095.700,  7330,20853,20538,-99999,-99999,-99999,-9999,-999, 3146488, -9572694,185703,43998,   40,33977,   29
 56096.700,  7328,20818,20551,-99999,-99999,-99999,-9999,-999, 3146657, -9572779,185706,43925,   28,33975,   29
 56097.700,  7328,20810,20556,-99999,-99999,-99999,-9999,-999, 3146825, -9572866,185708,43911,   38,33969,   23
 56098.700,  7328,20790,20554,-99999,-99999,-99999,-9999,-999, 3146994, -9572951,185710,43867,   42,33960,   23
 56099.700,  7328,20779,20570,-99999,-99999,-99999,-9999,-999, 3147163, -9573036,185712,43844,   40,33945,   22
 56100.700,  7328,20775,20563,-99999,-99999,-99999,-9999,-999, 3147331, -9573122,185714,43837,   30,33930,   23
 56101.700,  7326,20769,20571,-99999,-99999,-99999,-9999,-999, 3147500, -9573207,185716,43827,   29,33924,   23
 56102.700,  7327,20763,20559,-99999,-99999,-99999,-9999,-999, 3147668, -9573293,185719,43812,   32,33917,   21
 56103.700,  7327,20762,20551,-99999,-99999,-99999,-9999,-999, 3147836, -9573378,185721,43810,   37,33910,   18
 56104.700,  7326,20761,20546,-99999,-99999,-99999,-9999,-999, 3148005, -9573464,185724,43811,   34,33906,   13
 56105.700,  7323,20756,20547,-99999,-99999,-99999,-9999,-999, 3148173, -9573550,185727,43804,   28,33903,    8
 56106.700,  7322,20753,20537,-99999,-99999,-99999,-9999,-999, 3148341, -9573635,185730,43800,   27,33903,    5
 56107.700,  7323,20749,20532,-99999,-99999,-99999,-9999,-999, 3148510, -9573721,185733,43789,   34,33901,    6
 56108.700,  7325,20748,20518,-99999,-99999,-99999,-9999,-999, 3148678, -9573806,185736,43785,   36,33898,    6
 56109.700,  7327,20749,20500,-99999,-99999,-99999,-9999,-999, 3148846, -9573892,185739,43782,   41,33896,    6
 56110.700,  7327,20742,20502,-99999,-99999,-99999,-9999,-999, 3149015, -9573978,185742,43768,   41,33892,    9
 56111.700,  7326,20742,20499,-99999,-99999,-99999,-9999,-999, 3149183, -9574063,185745,43769,   42,33889,    9
 56112.700,  7326,20740,20488,-99999,-99999,-99999,-9999,-999, 3149351, -9574149,185748,43766,   42,33889,   11
 56113.700,  7324,20737,20489,-99999,-99999,-99999,-9999,-999, 3149520, -9574234,185751,43762,   40,33889,   10
 56114.700,  7324,20730,20489,-99999,-99999,-99999,-9999,-999, 3149688, -9574320,185754,43749,   44,33889,    9
 56115.700,  7323,20726,20491,-99999,-99999,-99999,-9999,-999, 3149856, -9574406,185757,43742,   43,33886,    7
 56116.700,  7324,20726,20486,-99999,-99999,-99999,-9999,-999, 3150064, -9574513,185763,43739,   44,33881,    4
