flight/ER2/SEAC4RS-MMS-1HZ_ER2_20130812_RA.ict
49, 1001                                                                                                                                                                                                
Bui, T. Paul                                                                                                                                                                                            
NASA Ames Research Center                                                                                                                                                                               
MMS - Meteorological Measurement System                                                                                                                                                                 
SEAC4RS                                                                                                                                                                                                 
1, 1                                                                                                                                                                                                    
2013, 08, 12, 2013, 08, 12                                                                                                                                                                              
-1                                                                                                                                                                                                      
TIME_UTC, seconds, elapsed time from 0000 UTC                                                                                                                                                           
15                                                                                                                                                                                                      
0.01, 0.01, 0.01, 0.01, 0.01, 0.001, 0.01, 0.01, 0.00001, 0.00001, 0.1, 0.01, 0.01, 0.01, 0.01                                                                                                          
-99999, -9999, -9999, -99999, -99999, -99999, -9999, -999, -9999999, -99999999, -99999, -9999, -9999, -9999, -9999                                                                                      
P, hPa, Static Pressure                                                                                                                                                                                 
T, K, Static Temperature                                                                                                                                                                                
TAS, m/s, True Air Speed                                                                                                                                                                                
U, m/s, E-W Horizontal Wind Speed                                                                                                                                                                       
[...]
DM_CONTACT_INFO: Jon Dean-Day, Bay Area Environmental Research Institute, 596 First St.                                                                                                                 
West, Sonoma, CA, 95476; email: jonathan.m.dean-day@nasa.gov                                                                                                                                            
PROJECT_INFO: SEAC4RS mission August 1 - September 30, 2013; Houston, TX                                                                                                                                
OTHER_COMMENTS:                                                                                                                                                                                         
..\cv\e_130812.cva                                                                                                                                                                                      
REVISION: RA                                                                                                                                                                                            
RA: Preliminary FIELD DATA, Not funded for 3D Winds                                                                                                                                                     
TIME_UTC, P, T, TAS, U, V, W, TEDR, REYN, G_LAT, G_LONG, G_ALT, POT, ROLL, HDG, PITCH                                                                                                                   
[from data line 15572]
 62341.900,  7164,20749,20308,-99999,-99999,-99999,-9999,-999, 3288308, -8498264,186968,44065, 1518,21629,  -30
 62342.900,  7164,20749,20317,-99999,-99999,-99999,-9999,-999, 3288164, -8498389,186968,44065, 1819,21693,  -37
 62343.900,  7168,20751,20319,-99999,-99999,-99999,-9999,-999, 3288021, -8498516,186966,44063, 2118,21783,  -41
 62344.900,  7170,20752,20327,-99999,-99999,-99999,-9999,-999, 3287879, -8498644,186962,44060, 2205,21860,  -49
 62345.900,  7178,20757,20307,-99999,-99999,-99999,-9999,-999, 3287738, -8498775,186954,44057, 2198,22012,  -52
 62346.900,  7186,20761,20292,-99999,-99999,-99999,-9999,-999, 3287599, -8498909,186943,44052, 2180,22167,  -34
 62347.900,  7193,20766,20271,-99999,-99999,-99999,-9999,-999, 3287462, -8499046,186931,44049, 2174,22257,  -17
 62348.900,  7196,20767,20265,-99999,-99999,-99999,-9999,-999, 3287327, -8499185,186917,44048, 2157,22409,   13
 62349.900,  7198,20769,20263,-99999,-99999,-99999,-9999,-999, 3287193, -8499329,186902,44049, 2148,22506,   30
 62350.900,  7196,20769,20263,-99999,-99999,-99999,-9999,-999, 3287063, -8499475,186891,44053, 2148,22660,   51
 62351.900,  7192,20769,20267,-99999,-99999,-99999,-9999,-999, 3286935, -8499624,186884,44058, 2142,22813,   66
 62352.900,  7187,20767,20271,-99999,-99999,-99999,-9999,-999, 3286809, -8499777,186881,44062, 2134,22944,   73
 62353.900,  7183,20765,20276,-99999,-99999,-99999,-9999,-999, 3286686, -8499932,186880,44066, 2130,23041,   74
 62354.900,  7174,20759,20287,-99999,-99999,-99999,-9999,-999, 3286567, -8500089,186882,44069, 2116,23167,   67
 62355.900,  7169,20757,20280,-99999,-99999,-99999,-9999,-999, 3286449, -8500250,186893,44074, 2098,23246,   66
 62356.900,  7165,20759,20279,-99999,-99999,-99999,-9999,-999, 3286335, -8500414,186906,44084, 2086,23366,   58
 62357.900,  7161,20763,20265,-99999,-99999,-99999,-9999,-999, 3286223, -8500580,186922,44101, 2075,23485,   52
 62358.900,  7158,20767,20254,-99999,-99999,-99999,-9999,-999, 3286113, -8500749,186939,44115, 2075,23563,   49
 62359.900,  7153,20766,20258,-99999,-99999,-99999,-9999,-999, 3286007, -8500920,186957,44121, 2089,23683,   40
 62360.900,  7150,20767,20244,-99999,-99999,-99999,-9999,-999, 3285902, -8501093,186977,44129, 2087,23795,   27
 62361.900,  7147,20768,20228,-99999,-99999,-99999,-9999,-999, 3285801, -8501267,186997,44136, 2078,23870,   20
 62362.900,  7149,20771,20207,-99999,-99999,-99999,-9999,-999, 3285703, -8501444,187016,44139, 2080,23991,   15
 62363.900,  7146,20771,20208,-99999,-99999,-99999,-9999,-999, 3285607, -8501623,187035,44143, 2082,24103,    5
 62364.900,  7145,20768,20205,-99999,-99999,-99999,-9999,-999, 3285513, -8501804,187052,44139, 2077,24172,   -1
 62365.900,  7145,20768,20202,-99999,-99999,-99999,-9999,-999, 3285423, -8501987,187069,44139, 2077,24289,  -10
 62366.900,  7145,20768,20197,-99999,-99999,-99999,-9999,-999, 3285335, -8502172,187084,44139, 2084,24405,  -17
 62367.900,  7145,20767,20198,-99999,-99999,-99999,-9999,-999, 3285250, -8502358,187099,44138, 2080,24493,  -21
 62368.900,  7145,20767,20196,-99999,-99999,-99999,-9999,-999, 3285168, -8502546,187111,44137, 2074,24610,  -26
 62369.900,  7145,20767,20189,-99999,-99999,-99999,-9999,-999, 3285089, -8502736,187122,44136, 2076,24689,  -28
 62370.900,  7147,20768,20185,-99999,-99999,-99999,-9999,-999, 3285012, -8502928,187132,44135, 2081,24808,  -30
 62371.900,  7148,20768,20180,-99999,-99999,-99999,-9999,-999, 3284939, -8503121,187140,44134, 2081,24886,  -30
 62372.900,  7148,20766,20183,-99999,-99999,-99999,-9999,-999, 3284868, -8503316,187147,44130, 2074,25006,  -32
 62373.900,  7148,20764,20188,-99999,-99999,-99999,-9999,-999, 3284800, -8503512,187154,44124, 2076,25129,  -28
 62374.900,  7149,20764,20182,-99999,-99999,-99999,-9999,-999, 3284736, -8503710,187159,44123, 2078,25206,  -23
 62375.900,  7151,20763,20181,-99999,-99999,-99999,-9999,-999, 3284674, -8503910,187163,44118, 2081,25328,  -19
 62376.900,  7150,20761,20178,-99999,-99999,-99999,-9999,-999, 3284615, -8504110,187167,44115, 2080,25411,  -14
 62377.900,  7149,20760,20172,-99999,-99999,-99999,-9999,-999, 3284560, -8504312,187171,44115, 2082,25529,  -17
 62378.900,  7147,20758,20174,-99999,-99999,-99999,-9999,-999, 3284507, -8504515,187176,44114, 2083,25643,  -20
 62379.900,  7146,20756,20173,-99999,-99999,-99999,-9999,-999, 3284458, -8504720,187180,44113, 2082,25719,  -23
 62380.900,  7145,20755,20168,-99999,-99999,-99999,-9999,-999, 3284412, -8504925,187184,44110, 2080,25844,  -29
 62381.900,  7145,20754,20163,-99999,-99999,-99999,-9999,-999, 3284369, -8505131,187188,44109, 2083,25956,  -34
 62382.900,  7146,20754,20157,-99999,-99999,-99999,-9999,-999, 3284330, -8505339,187191,44108, 2082,26039,  -37
 62383.900,  7146,20753,20148,-99999,-99999,-99999,-9999,-999, 3284293, -8505547,187194,44106, 2079,26155,  -38
 62384.900,  7146,20751,20152,-99999,-99999,-99999,-9999,-999, 3284259, -8505756,187196,44103, 2080,26235,  -43
 62385.900,  7147,20751,20148,-99999,-99999,-99999,-9999,-999, 3284229, -8505966,187197,44099, 2078,26352,  -43
 62386.900,  7149,20751,20138,-99999,-99999,-99999,-9999,-999, 3284202, -8506176,187197,44096, 2080,26466,  -43
 62387.900,  7148,20749,20143,-99999,-99999,-99999,-9999,-999, 3284178, -8506388,187198,44093, 2083,26548,  -43
 62388.900,  7149,20750,20140,-99999,-99999,-99999,-9999,-999, 3284158, -8506599,187197,44093, 2081,26669,  -41
 62389.900,  7151,20752,20135,-99999,-99999,-99999,-9999,-999, 3284140, -8506811,187201,44095, 2083,26745,  -41
 62390.900,  7151,20752,20141,-99999,-99999,-99999,-9999,-999, 3284126, -8507024,187197,44094, 2085,26863,  -39
 62391.900,  7152,20753,20146,-99999,-99999,-99999,-9999,-999, 3284115, -8507237,187194,44093, 2087,26986,  -35
 62392.900,  7153,20754,20152,-99999,-99999,-99999,-9999,-999, 3284108, -8507450,187192,44094, 2085,27060,  -33
 62393.900,  7153,20755,20162,-99999,-99999,-99999,-9999,-999, 3284103, -8507664,187189,44097, 2075,27182,  -26
 62394.900,  7155,20758,20162,-99999,-99999,-99999,-9999,-999, 3284102, -8507878,187185,44100, 2065,27305,  -19
 62395.900,  7155,20762,20164,-99999,-99999,-99999,-9999,-999, 3284104, -8508091,187180,44109, 2063,27386,  -15
 62396.900,  7155,20765,20168,-99999,-99999,-99999,-9999,-999, 3284110, -8508305,187176,44116, 2075,27513,  -12
 62397.900,  7153,20764,20180,-99999,-99999,-99999,-9999,-999, 3284118, -8508519,187173,44116, 2085,27587,  -14
 62398.900,  7152,20763,20185,-99999,-99999,-99999,-9999,-999, 3284130, -8508732,187168,44115, 2085,27708,  -17
 62399.900,  7152,20764,20182,-99999,-99999,-99999,-9999,-999, 3284145, -8508946,187165,44118, 2082,27825,  -22
 62400.900,  7151,20762,20190,-99999,-99999,-99999,-9999,-999, 3284163, -8509159,187161,44116, 2080,27897,  -26
 62401.900,  7152,20763,20183,-99999,-99999,-99999,-9999,-999, 3284185, -8509371,187160,44117, 2075,28015,  -29
 62402.900,  7152,20764,20178,-99999,-99999,-99999,-9999,-999, 3284210, -8509583,187157,44118, 2076,28137,  -32
 62403.900,  7152,20764,20175,-99999,-99999,-99999,-9999,-999, 3284239, -8509795,187157,44117, 2078,28213,  -32
 62404.900,  7153,20765,20168,-99999,-99999,-99999,-9999,-999, 3284270, -8510006,187155,44118, 2080,28329,  -30
 62405.900,  7154,20765,20165,-99999,-99999,-99999,-9999,-999, 3284305, -8510217,187154,44116, 2075,28446,  -32
 62406.900,  7151,20762,20179,-99999,-99999,-99999,-9999,-999, 3284342, -8510427,187151,44115, 2007,28533,  -37
 62407.900,  7151,20760,20174,-99999,-99999,-99999,-9999,-999, 3284383, -8510635,187148,44111, 1882,28650,  -37
 62408.900,  7153,20761,20163,-99999,-99999,-99999,-9999,-999, 3284427, -8510843,187147,44110, 1804,28726,  -35
 62409.900,  7152,20761,20167,-99999,-99999,-99999,-9999,-999, 3284474, -8511051,187143,44111, 1694,28837,  -29
 62410.900,  7151,20760,20172,-99999,-99999,-99999,-9999,-999, 3284524, -8511257,187138,44111, 1599,28933,  -22
 62411.900,  7152,20761,20163,-99999,-99999,-99999,-9999,-999, 3284577, -8511462,187136,44112, 1539,28997,  -19
 62412.900,  7150,20760,20166,-99999,-99999,-99999,-9999,-999, 3284633, -8511666,187136,44113, 1451,29084,  -16
 62413.900,  7147,20759,20172,-99999,-99999,-99999,-9999,-999, 3284691, -8511870,187134,44115, 1367,29158,  -22
 62414.900,  7147,20760,20171,-99999,-99999,-99999,-9999,-999, 3284751, -8512073,187131,44119, 1318,29206,  -23
 62415.900,  7145,20758,20179,-99999,-99999,-99999,-9999,-999, 3284813, -8512274,187134,44119, 1252,29274,  -28
 62416.900,  7144,20760,20177,-99999,-99999,-99999,-9999,-999, 3284878, -8512475,187136,44124, 1188,29335,  -34
 62417.900,  7143,20759,20189,-99999,-99999,-99999,-9999,-999, 3284945, -8512675,187137,44124, 1148,29377,  -38
 62418.900,  7142,20759,20195,-99999,-99999,-99999,-9999,-999, 3285013, -8512874,187137,44125, 1103,29433,  -47
 62419.900,  7143,20761,20196,-99999,-99999,-99999,-9999,-999, 3285082, -8513073,187136,44128, 1051,29487,  -58
 62420.900,  7143,20761,20198,-99999,-99999,-99999,-9999,-999, 3285154, -8513271,187137,44128, 1012,29525,  -63
 62421.900,  7145,20760,20201,-99999,-99999,-99999,-9999,-999, 3285227, -8513468,187139,44123,  966,29576,  -68
 62422.900,  7145,20760,20205,-99999,-99999,-99999,-9999,-999, 3285302, -8513664,187135,44121,  944,29604,  -74
 62423.900,  7148,20761,20205,-99999,-99999,-99999,-9999,-999, 3285378, -8513859,187132,44118,  902,29652,  -80
 62424.900,  7150,20762,20206,-99999,-99999,-99999,-9999,-999, 3285456, -8514054,187129,44116,  859,29696,  -81
 62425.900,  7153,20763,20207,-99999,-99999,-99999,-9999,-999, 3285534, -8514247,187128,44115,  834,29726,  -82
 62426.900,  7156,20765,20209,-99999,-99999,-99999,-9999,-999, 3285615, -8514440,187124,44115,  794,29769,  -80
 62427.900,  7159,20768,20210,-99999,-99999,-99999,-9999,-999, 3285697, -8514632,187120,44114,  773,29795,  -76
 62428.900,  7162,20770,20213,-99999,-99999,-99999,-9999,-999, 3285779, -8514825,187101,44113,  738,29836,  -69
 62429.900,  7165,20772,20217,-99999,-99999,-99999,-9999,-999, 3285861, -8515017,187085,44112,  701,29874,  -55
 62430.900,  7167,20775,20222,-99999,-99999,-99999,-9999,-999, 3285945, -8515208,187082,44115,  679,29898,  -50
 62431.900,  7169,20777,20229,-99999,-99999,-99999,-9999,-999, 3286028, -8515399,187079,44117,  643,29934,  -44
 62432.900,  7168,20778,20235,-99999,-99999,-99999,-9999,-999, 3286112, -8515591,187075,44118,  607,29969,  -38
 62433.900,  7171,20779,20237,-99999,-99999,-99999,-9999,-999, 3286195, -8515782,187072,44117,  587,29990,  -34
 62434.900,  7171,20781,20241,-99999,-99999,-99999,-9999,-999, 3286281, -8515978,187069,44120,  561,30020,  -29
 62435.900,  7170,20780,20251,-99999,-99999,-99999,-9999,-999, 3286364, -8516170,187064,44120,  538,30049,  -27
 62436.900,  7171,20783,20256,-99999,-99999,-99999,-9999,-999, 3286473, -8516350,187059,44125,  520,30068,  -25
 62437.900,  7170,20785,20264,-99999,-99999,-99999,-9999,-999, 3286563, -8516538,187055,44131,  490,30096,  -27
 62438.900,  7168,20786,20276,-99999,-99999,-99999,-9999,-999, 3286655, -8516727,187050,44136,  468,30120,  -29
 62439.900,  7169,20788,20273,-99999,-99999,-99999,-9999,-999, 3286747, -8516915,187045,44139,  454,30132,  -30
 62440.900,  7169,20786,20280,-99999,-99999,-99999,-9999,-999, 3286839, -8517103,187042,44135,  435,30153,  -32
 62441.900,  7169,20787,20274,-99999,-99999,-99999,-9999,-999, 3286933, -8517289,187037,44136,  413,30175,  -37
 62442.900,  7169,20788,20277,-99999,-99999,-99999,-9999,-999, 3287029, -8517474,187032,44140,  404,30190,  -40
 62443.900,  7169,20789,20284,-99999,-99999,-99999,-9999,-999, 3287123, -8517660,187029,44140,  390,30209,  -44
 62444.900,  7170,20790,20279,-99999,-99999,-99999,-9999,-999, 3287217, -8517847,187025,44141,  380,30221,  -46
 62445.900,  7173,20793,20275,-99999,-99999,-99999,-9999,-999, 3287312, -8518032,187021,44142,  360,30238,  -44
 62446.900,  7175,20795,20274,-99999,-99999,-99999,-9999,-999, 3287407, -8518218,187017,44143,  343,30257,  -42
 62447.900,  7177,20796,20277,-99999,-99999,-99999,-9999,-999, 3287505, -8518402,187009,44143,  337,30267,  -36
 62448.900,  7179,20798,20275,-99999,-99999,-99999,-9999,-999, 3287602, -8518587,187003,44143,  325,30280,  -31
 62449.900,  7180,20798,20282,-99999,-99999,-99999,-9999,-999, 3287700, -8518772,186997,44142,  306,30293,  -26
 62450.900,  7180,20799,20290,-99999,-99999,-99999,-9999,-999, 3287797, -8518957,186992,44142,  293,30308,  -19
 62451.900,  7181,20800,20293,-99999,-99999,-99999,-9999,-999, 3287895, -8519142,186983,44143,  285,30317,  -17
 62452.900,  7179,20798,20310,-99999,-99999,-99999,-9999,-999, 3287993, -8519325,186977,44143,  281,30329,  -15
 62453.900,  7181,20799,20306,-99999,-99999,-99999,-9999,-999, 3288093, -8519508,186970,44140,  292,30338,   -7
 62454.900,  7181,20799,20308,-99999,-99999,-99999,-9999,-999, 3288193, -8519690,186956,44142,  319,30344,   -5
 62455.900,  7178,20794,20321,-99999,-99999,-99999,-9999,-999, 3288293, -8519873,186952,44135,  353,30356,   -8
 62456.900,  7178,20789,20315,-99999,-99999,-99999,-9999,-999, 3288393, -8520056,186944,44126,  377,30372,  -10
 62457.900,  7176,20784,20319,-99999,-99999,-99999,-9999,-999, 3288494, -8520237,186937,44120,  396,30383,  -14
 62458.900,  7175,20777,20317,-99999,-99999,-99999,-9999,-999, 3288595, -8520420,186931,44106,  412,30397,  -19
 62459.900,  7174,20772,20316,-99999,-99999,-99999,-9999,-999, 3288696, -8520602,186925,44097,  412,30409,  -22
 62460.900,  7175,20770,20312,-99999,-99999,-99999,-9999,-999, 3288798, -8520783,186918,44091,  390,30419,  -25
 62461.900,  7175,20769,20309,-99999,-99999,-99999,-9999,-999, 3288900, -8520964,186911,44088,  351,30440,  -27
 62462.900,  7176,20767,20311,-99999,-99999,-99999,-9999,-999, 3289002, -8521144,186906,44082,  334,30453,  -28
 62463.900,  7177,20765,20307,-99999,-99999,-99999,-9999,-999, 3289106, -8521324,186900,44076,  326,30468,  -23
 62464.900,  7177,20761,20298,-99999,-99999,-99999,-9999,-999, 3289209, -8521504,186896,44069,  319,30482,  -22
 62465.900,  7176,20757,20305,-99999,-99999,-99999,-9999,-999, 3289314, -8521684,186888,44062,  291,30498,  -24
 62466.900,  7178,20755,20302,-99999,-99999,-99999,-9999,-999, 3289418, -8521864,186880,44054,  270,30510,  -21
 62467.900,  7178,20752,20302,-99999,-99999,-99999,-9999,-999, 3289523, -8522043,186876,44046,  251,30527,  -20
 62468.900,  7177,20746,20310,-99999,-99999,-99999,-9999,-999, 3289628, -8522222,186871,44035,  238,30541,  -19
 62469.900,  7178,20743,20309,-99999,-99999,-99999,-9999,-999, 3289733, -8522401,186865,44027,  226,30551,  -16
 62470.900,  7178,20742,20311,-99999,-99999,-99999,-9999,-999, 3289838, -8522579,186861,44025,  210,30565,  -12
 62471.900,  7178,20740,20314,-99999,-99999,-99999,-9999,-999, 3289945, -8522758,186856,44022,  199,30576,   -8
 62472.900,  7178,20736,20315,-99999,-99999,-99999,-9999,-999, 3290050, -8522936,186850,44012,  188,30582,   -6
 62473.900,  7177,20737,20314,-99999,-99999,-99999,-9999,-999, 3290156, -8523115,186846,44018,  170,30592,   -5
 62474.900,  7178,20740,20303,-99999,-99999,-99999,-9999,-999, 3290264, -8523292,186841,44021,  174,30599,    0
 62475.900,  7176,20739,20308,-99999,-99999,-99999,-9999,-999, 3290371, -8523470,186837,44023,  176,30603,   -1
 62476.900,  7174,20738,20316,-99999,-99999,-99999,-9999,-999, 3290478, -8523647,186833,44023,  159,30609,   -7
 62477.900,  7174,20738,20313,-99999,-99999,-99999,-9999,-999, 3290585, -8523825,186829,44024,  140,30616,  -11
 62478.900,  7173,20737,20321,-99999,-99999,-99999,-9999,-999, 3290693, -8524002,186824,44024,  117,30621,  -14
 62479.900,  7175,20738,20310,-99999,-99999,-99999,-9999,-999, 3290801, -8524179,186819,44022,   47,30629,   -9
 62480.900,  7172,20733,20327,-99999,-99999,-99999,-9999,-999, 3290908, -8524357,186814,44018,   44,30629,  -15
 62481.900,  7171,20733,20332,-99999,-99999,-99999,-9999,-999, 3291016, -8524533,186812,44019,   33,30628,  -16
 62482.900,  7173,20734,20329,-99999,-99999,-99999,-9999,-999, 3291124, -8524710,186809,44019,   32,30628,  -15
