flight/ER2/SEAC4RS-MMS-1HZ_ER2_20130814_RA.ict
49, 1001                                                                                                                                                                                                
Bui, T. Paul                                                                                                                                                                                            
NASA Ames Research Center                                                                                                                                                                               
MMS - Meteorological Measurement System                                                                                                                                                                 
SEAC4RS                                                                                                                                                                                                 
1, 1                                                                                                                                                                                                    
2013, 08, 14, 2013, 08, 14                                                                                                                                                                              
-1                                                                                                                                                                                                      
TIME_UTC, seconds, elapsed time from 0000 UTC                                                                                                                                                           
15                                                                                                                                                                                                      
0.01, 0.01, 0.01, 0.01, 0.01, 0.001, 0.01, 0.01, 0.00001, 0.00001, 0.1, 0.01, 0.01, 0.01, 0.01                                                                                                          
-99999, -9999, -9999, -99999, -99999, -99999, -9999, -999, -9999999, -99999999, -99999, -9999, -9999, -9999, -9999                                                                                      
P, hPa, Static Pressure                                                                                                                                                                                 
T, K, Static Temperature                                                                                                                                                                                
TAS, m/s, True Air Speed                                                                                                                                                                                
U, m/s, E-W Horizontal Wind Speed                                                                                                                                                                       
[...]
DM_CONTACT_INFO: Jon Dean-Day, Bay Area Environmental Research Institute, 596 First St.                                                                                                                 
West, Sonoma, CA, 95476; email: jonathan.m.dean-day@nasa.gov                                                                                                                                            
PROJECT_INFO: SEAC4RS mission August 1 - September 30, 2013; Houston, TX                                                                                                                                
OTHER_COMMENTS:                                                                                                                                                                                         
..\cv\e_130814.cva                                                                                                                                                                                      
REVISION: RA                                                                                                                                                                                            
RA: Preliminary FIELD DATA, Not funded for 3D Winds                                                                                                                                                     
TIME_UTC, P, T, TAS, U, V, W, TEDR, REYN, G_LAT, G_LONG, G_ALT, POT, ROLL, HDG, PITCH                                                                                                                   
[from data line 8429]
 64603.800, 10288,20599,19142,-99999,-99999,-99999,-9999,-999, 3641403, -9636496,163260,39448,   43, 4536,   69
 64604.800, 10281,20597,19137,-99999,-99999,-99999,-9999,-999, 3641527, -9636344,163293,39454,   49, 4539,   65
 64605.800, 10274,20595,19138,-99999,-99999,-99999,-9999,-999, 3641650, -9636192,163327,39456,   53, 4540,   57
 64606.800, 10267,20593,19144,-99999,-99999,-99999,-9999,-999, 3641774, -9636039,163360,39460,   41, 4540,   53
 64607.800, 10262,20590,19155,-99999,-99999,-99999,-9999,-999, 3641941, -9635872,163521,39461,   34, 4539,   57
 64608.800, 10256,20590,19151,-99999,-99999,-99999,-9999,-999, 3642065, -9635736,163726,39468,   36, 4538,   60
 64609.800, 10249,20590,19154,-99999,-99999,-99999,-9999,-999, 3642196, -9635591,163873,39474,   41, 4537,   61
 64610.800, 10242,20593,19150,-99999,-99999,-99999,-9999,-999, 3642323, -9635442,164030,39488,   43, 4536,   59
 64611.800, 10236,20585,19170,-99999,-99999,-99999,-9999,-999, 3642450, -9635291,164167,39479,   38, 4531,   60
 64612.800, 10229,20585,19181,-99999,-99999,-99999,-9999,-999, 3642579, -9635140,164264,39487,   34, 4531,   62
 64613.800, 10222,20576,19196,-99999,-99999,-99999,-9999,-999, 3642706, -9634988,164373,39478,   34, 4530,   64
 64614.800, 10215,20582,19198,-99999,-99999,-99999,-9999,-999, 3642833, -9634836,164472,39496,   41, 4531,   66
 64615.800, 10207,20613,19154,-99999,-99999,-99999,-9999,-999, 3642961, -9634683,164564,39565,   42, 4528,   67
 64616.800, 10199,20624,19150,-99999,-99999,-99999,-9999,-999, 3643088, -9634531,164648,39596,   35, 4521,   65
 64617.800, 10191,20632,19140,-99999,-99999,-99999,-9999,-999, 3643215, -9634379,164740,39619,   30, 4523,   64
 64618.800, 10183,20638,19131,-99999,-99999,-99999,-9999,-999, 3643343, -9634226,164814,39639,   31, 4529,   64
 64619.800, 10179,20640,19123,-99999,-99999,-99999,-9999,-999, 3643470, -9634072,164884,39648,   37, 4530,   62
 64620.800, 10169,20636,19145,-99999,-99999,-99999,-9999,-999, 3643597, -9633919,164946,39652,   39, 4528,   59
 64621.800, 10162,20634,19157,-99999,-99999,-99999,-9999,-999, 3643725, -9633766,165011,39656,   35, 4530,   58
 64622.800, 10154,20631,19165,-99999,-99999,-99999,-9999,-999, 3643852, -9633612,165074,39659,   35, 4535,   59
 64623.800, 10149,20629,19163,-99999,-99999,-99999,-9999,-999, 3643980, -9633458,165135,39661,   39, 4537,   59
 64624.800, 10143,20628,19163,-99999,-99999,-99999,-9999,-999, 3644107, -9633305,165201,39665,   42, 4540,   58
 64625.800, 10135,20625,19178,-99999,-99999,-99999,-9999,-999, 3644235, -9633151,165259,39669,   40, 4542,   58
 64626.800, 10127,20621,19206,-99999,-99999,-99999,-9999,-999, 3644362, -9632997,165313,39669,   38, 4545,   58
 64627.800, 10120,20620,19205,-99999,-99999,-99999,-9999,-999, 3644490, -9632842,165367,39676,   38, 4547,   59
 64628.800, 10113,20619,19220,-99999,-99999,-99999,-9999,-999, 3644618, -9632688,165423,39682,   36, 4545,   61
 64629.800, 10106,20618,19240,-99999,-99999,-99999,-9999,-999, 3644745, -9632534,165476,39686,   35, 4543,   63
 64630.800, 10100,20615,19253,-99999,-99999,-99999,-9999,-999, 3644873, -9632380,165528,39689,   33, 4541,   64
 64631.800, 10094,20613,19266,-99999,-99999,-99999,-9999,-999, 3645001, -9632225,165579,39691,   32, 4536,   67
 64632.800, 10085,20608,19282,-99999,-99999,-99999,-9999,-999, 3645129, -9632070,165633,39692,   30, 4533,   69
 64633.800, 10079,20607,19294,-99999,-99999,-99999,-9999,-999, 3645257, -9631916,165685,39696,   32, 4537,   73
 64634.800, 10071,20604,19311,-99999,-99999,-99999,-9999,-999, 3645385, -9631761,165736,39699,   40, 4538,   75
 64635.800, 10063,20603,19331,-99999,-99999,-99999,-9999,-999, 3645513, -9631607,165786,39707,   44, 4535,   75
 64636.800, 10054,20606,19365,-99999,-99999,-99999,-9999,-999, 3645641, -9631451,165836,39723,   40, 4531,   74
 64637.800, 10046,20605,19412,-99999,-99999,-99999,-9999,-999, 3645769, -9631296,165886,39729,   35, 4525,   76
 64638.800, 10038,20601,19433,-99999,-99999,-99999,-9999,-999, 3645897, -9631141,165937,39731,   34, 4522,   79
 64639.800, 10030,20598,19440,-99999,-99999,-99999,-9999,-999, 3646025, -9630986,165987,39734,   33, 4519,   84
 64640.800, 10020,20594,19463,-99999,-99999,-99999,-9999,-999, 3646153, -9630831,166040,39737,   33, 4519,   87
 64641.800, 10011,20590,19483,-99999,-99999,-99999,-9999,-999, 3646281, -9630675,166093,39741,   36, 4520,   90
 64642.800, 10003,20589,19503,-99999,-99999,-99999,-9999,-999, 3646409, -9630519,166146,39748,   39, 4520,   91
 64643.800,  9993,20587,19522,-99999,-99999,-99999,-9999,-999, 3646537, -9630364,166199,39755,   45, 4518,   92
 64644.800,  9983,20586,19536,-99999,-99999,-99999,-9999,-999, 3646666, -9630209,166252,39766,   45, 4518,   92
 64645.800,  9974,20585,19542,-99999,-99999,-99999,-9999,-999, 3646794, -9630053,166306,39773,   40, 4517,   94
 64646.800,  9966,20585,19541,-99999,-99999,-99999,-9999,-999, 3646922, -9629898,166360,39783,   38, 4518,   94
 64647.800,  9956,20586,19540,-99999,-99999,-99999,-9999,-999, 3647050, -9629742,166413,39795,   39, 4515,   95
 64648.800,  9946,20589,19537,-99999,-99999,-99999,-9999,-999, 3647179, -9629586,166466,39813,   37, 4511,   95
 64649.800,  9935,20590,19530,-99999,-99999,-99999,-9999,-999, 3647307, -9629431,166524,39827,   36, 4508,   94
 64650.800,  9926,20591,19502,-99999,-99999,-99999,-9999,-999, 3647435, -9629275,166578,39840,   33, 4503,   94
 64651.800,  9917,20592,19480,-99999,-99999,-99999,-9999,-999, 3647563, -9629119,166638,39852,   32, 4502,   94
 64652.800,  9908,20599,19472,-99999,-99999,-99999,-9999,-999, 3647691, -9628964,166695,39874,   34, 4502,   94
 64653.800,  9900,20617,19462,-99999,-99999,-99999,-9999,-999, 3647820, -9628808,166752,39919,   42, 4503,   94
 64654.800,  9890,20638,19466,-99999,-99999,-99999,-9999,-999, 3647948, -9628652,166807,39973,   41, 4509,   90
 64655.800,  9880,20645,19463,-99999,-99999,-99999,-9999,-999, 3648076, -9628497,166862,39997,   38, 4512,   87
 64656.800,  9873,20645,19453,-99999,-99999,-99999,-9999,-999, 3648205, -9628341,166918,40005,   39, 4512,   85
 64657.800,  9866,20645,19444,-99999,-99999,-99999,-9999,-999, 3648333, -9628186,166974,40014,   39, 4513,   81
 64658.800,  9860,20644,19435,-99999,-99999,-99999,-9999,-999, 3648462, -9628029,167028,40019,   42, 4515,   76
 64659.800,  9849,20643,19435,-99999,-99999,-99999,-9999,-999, 3648590, -9627873,167082,40029,   45, 4518,   64
 64660.800,  9836,20638,19454,-99999,-99999,-99999,-9999,-999, 3648719, -9627718,167136,40035,   42, 4518,   45
 64661.800,  9829,20635,19471,-99999,-99999,-99999,-9999,-999, 3648847, -9627561,167189,40037,   36, 4519,   23
 64662.800,  9825,20635,19477,-99999,-99999,-99999,-9999,-999, 3648976, -9627406,167241,40041,   33, 4519,   12
 64663.800,  9823,20638,19478,-99999,-99999,-99999,-9999,-999, 3649105, -9627249,167290,40050,   36, 4519,   -5
 64664.800,  9820,20643,19477,-99999,-99999,-99999,-9999,-999, 3649234, -9627094,167339,40062,   41, 4520,  -24
 64665.800,  9815,20646,19485,-99999,-99999,-99999,-9999,-999, 3649362, -9626937,167385,40074,   43, 4523,  -39
 64666.800,  9813,20648,19488,-99999,-99999,-99999,-9999,-999, 3649491, -9626781,167437,40081,   44, 4526,  -48
 64667.800,  9812,20658,19492,-99999,-99999,-99999,-9999,-999, 3649621, -9626625,167488,40102,   44, 4527,  -59
 64668.800,  9810,20664,19525,-99999,-99999,-99999,-9999,-999, 3649749, -9626469,167540,40114,   44, 4523,  -67
 64669.800,  9808,20664,19586,-99999,-99999,-99999,-9999,-999, 3649878, -9626312,167591,40117,   40, 4518,  -77
 64670.800,  9808,20668,19630,-99999,-99999,-99999,-9999,-999, 3650007, -9626156,167642,40126,   34, 4511,  -80
 64671.800,  9809,20672,19670,-99999,-99999,-99999,-9999,-999, 3650136, -9626000,167694,40132,   33, 4506,  -78
 64672.800,  9806,20670,19711,-99999,-99999,-99999,-9999,-999, 3650253, -9625859,167725,40131,   31, 4499,  -77
 64673.800,  9806,20665,19728,-99999,-99999,-99999,-9999,-999, 3650484, -9625595,167738,40123,   30, 4495,  -77
 64674.800,  9806,20662,19737,-99999,-99999,-99999,-9999,-999, 3650577, -9625476,167737,40116,   31, 4497,  -75
 64675.800,  9807,20654,19733,-99999,-99999,-99999,-9999,-999, 3650707, -9625318,167748,40100,   33, 4501,  -72
 64676.800,  9806,20646,19781,-99999,-99999,-99999,-9999,-999, 3650839, -9625170,167747,40085,   39, 4504,  -73
 64677.800,  9805,20643,19825,-99999,-99999,-99999,-9999,-999, 3650949, -9625029,167748,40079,   44, 4510,  -70
 64678.800,  9805,20637,19858,-99999,-99999,-99999,-9999,-999, 3651080, -9624871,167757,40069,   47, 4512,  -67
 64679.800,  9802,20633,19894,-99999,-99999,-99999,-9999,-999, 3651211, -9624712,167767,40065,   44, 4511,  -65
 64680.800,  9800,20634,19909,-99999,-99999,-99999,-9999,-999, 3651342, -9624552,167777,40068,   37, 4509,  -62
 64681.800,  9798,20632,19938,-99999,-99999,-99999,-9999,-999, 3651473, -9624394,167786,40067,   33, 4509,  -55
 64682.800,  9796,20632,19959,-99999,-99999,-99999,-9999,-999, 3651602, -9624237,167791,40068,   35, 4513,  -51
 64683.800,  9794,20632,19978,-99999,-99999,-99999,-9999,-999, 3651733, -9624076,167800,40071,   39, 4514,  -46
 64684.800,  9790,20630,20012,-99999,-99999,-99999,-9999,-999, 3651865, -9623916,167809,40072,   36, 4513,  -42
 64685.800,  9787,20627,20043,-99999,-99999,-99999,-9999,-999, 3651996, -9623756,167819,40071,   30, 4512,  -35
 64686.800,  9784,20626,20057,-99999,-99999,-99999,-9999,-999, 3652124, -9623599,167824,40072,   28, 4511,  -29
 64687.800,  9778,20624,20084,-99999,-99999,-99999,-9999,-999, 3652251, -9623442,167799,40074,   29, 4512,  -22
 64688.800,  9775,20621,20108,-99999,-99999,-99999,-9999,-999, 3652382, -9623282,167806,40072,   34, 4514,  -19
 64689.800,  9769,20620,20129,-99999,-99999,-99999,-9999,-999, 3652513, -9623121,167808,40077,   38, 4514,  -14
 64690.800,  9766,20620,20143,-99999,-99999,-99999,-9999,-999, 3652645, -9622959,167816,40080,   34, 4513,   -9
 64691.800,  9762,20618,20155,-99999,-99999,-99999,-9999,-999, 3652776, -9622798,167806,40082,   32, 4515,   -7
 64692.800,  9755,20616,20167,-99999,-99999,-99999,-9999,-999, 3652908, -9622637,167806,40086,   30, 4516,   -5
 64693.800,  9751,20616,20174,-99999,-99999,-99999,-9999,-999, 3653040, -9622474,167813,40091,   32, 4517,   -1
 64694.800,  9745,20612,20188,-99999,-99999,-99999,-9999,-999, 3653173, -9622312,167821,40092,   34, 4517,    1
 64695.800,  9739,20610,20196,-99999,-99999,-99999,-9999,-999, 3653306, -9622150,167829,40094,   37, 4516,    3
 64696.800,  9732,20608,20207,-99999,-99999,-99999,-9999,-999, 3653438, -9621988,167837,40098,   39, 4514,    4
 64697.800,  9727,20608,20198,-99999,-99999,-99999,-9999,-999, 3653570, -9621826,167864,40103,   33, 4512,    5
 64698.800,  9721,20603,20212,-99999,-99999,-99999,-9999,-999, 3653703, -9621663,167873,40101,   32, 4513,    5
 64699.800,  9715,20608,20213,-99999,-99999,-99999,-9999,-999, 3653835, -9621501,167882,40118,   29, 4516,    5
 64700.800,  9710,20615,20225,-99999,-99999,-99999,-9999,-999, 3653967, -9621338,167891,40137,   30, 4514,    5
 64701.800,  9702,20613,20248,-99999,-99999,-99999,-9999,-999, 3654103, -9621176,167907,40143,   30, 4507,    7
 64702.800,  9696,20616,20277,-99999,-99999,-99999,-9999,-999, 3654236, -9621013,167952,40155,   29, 4503,    9
 64703.800,  9690,20638,20297,-99999,-99999,-99999,-9999,-999, 3654370, -9620850,167969,40206,   29, 4499,   12
 64704.800,  9683,20648,20297,-99999,-99999,-99999,-9999,-999, 3654504, -9620688,167983,40234,   40, 4499,   12
 64705.800,  9675,20652,20312,-99999,-99999,-99999,-9999,-999, 3654638, -9620525,167994,40251,   39, 4504,    8
 64706.800,  9669,20655,20326,-99999,-99999,-99999,-9999,-999, 3654772, -9620362,168016,40264,   36, 4506,    8
 64707.800,  9663,20652,20332,-99999,-99999,-99999,-9999,-999, 3654905, -9620198,168040,40265,   36, 4511,    8
 64708.800,  9658,20654,20342,-99999,-99999,-99999,-9999,-999, 3655039, -9620034,168052,40274,   39, 4511,    8
 64709.800,  9651,20656,20362,-99999,-99999,-99999,-9999,-999, 3655172, -9619870,168064,40287,   39, 4511,    8
 64710.800,  9646,20658,20369,-99999,-99999,-99999,-9999,-999, 3655306, -9619707,168077,40296,   40, 4514,    7
 64711.800,  9638,20660,20390,-99999,-99999,-99999,-9999,-999, 3655443, -9619544,168096,40310,   39, 4520,    6
 64712.800,  9632,20662,20408,-99999,-99999,-99999,-9999,-999, 3655575, -9619379,168167,40322,   40, 4525,    4
 64713.800,  9626,20662,20424,-99999,-99999,-99999,-9999,-999, 3655709, -9619216,168181,40329,   37, 4535,    3
 64714.800,  9619,20663,20432,-99999,-99999,-99999,-9999,-999, 3655843, -9619052,168195,40340,   35, 4543,    4
 64715.800,  9613,20665,20443,-99999,-99999,-99999,-9999,-999, 3655977, -9618888,168210,40350,   37, 4547,    5
 64716.800,  9608,20663,20454,-99999,-99999,-99999,-9999,-999, 3656110, -9618725,168286,40352,   40, 4553,    6
 64717.800,  9600,20659,20468,-99999,-99999,-99999,-9999,-999, 3656246, -9618560,168354,40353,   42, 4555,    6
 64718.800,  9594,20656,20463,-99999,-99999,-99999,-9999,-999, 3656380, -9618397,168428,40355,   39, 4554,    7
 64719.800,  9588,20654,20474,-99999,-99999,-99999,-9999,-999, 3656516, -9618233,168481,40357,   38, 4555,    7
 64720.800,  9582,20648,20490,-99999,-99999,-99999,-9999,-999, 3656650, -9618068,168503,40354,   38, 4554,    8
 64721.800,  9576,20645,20499,-99999,-99999,-99999,-9999,-999, 3656785, -9617905,168565,40356,   36, 4554,    8
 64722.800,  9571,20646,20500,-99999,-99999,-99999,-9999,-999, 3656921, -9617741,168600,40363,   36, 4554,    7
 64723.800,  9564,20642,20516,-99999,-99999,-99999,-9999,-999, 3657056, -9617576,168623,40364,   36, 4554,    6
 64724.800,  9556,20640,20535,-99999,-99999,-99999,-9999,-999, 3657191, -9617412,168647,40369,   32, 4554,    7
 64725.800,  9552,20639,20543,-99999,-99999,-99999,-9999,-999, 3657326, -9617248,168671,40372,   35, 4555,    9
 64726.800,  9544,20636,20559,-99999,-99999,-99999,-9999,-999, 3657461, -9617083,168694,40375,   40, 4557,   11
 64727.800,  9538,20633,20575,-99999,-99999,-99999,-9999,-999, 3657599, -9616919,168722,40378,   42, 4557,   12
 64728.800,  9532,20631,20590,-99999,-99999,-99999,-9999,-999, 3657734, -9616754,168746,40382,   39, 4555,   13
 64729.800,  9524,20628,20601,-99999,-99999,-99999,-9999,-999, 3657870, -9616590,168770,40386,   34, 4554,   14
 64730.800,  9518,20632,20613,-99999,-99999,-99999,-9999,-999, 3658006, -9616426,168793,40401,   32, 4556,   16
 64731.800,  9509,20636,20615,-99999,-99999,-99999,-9999,-999, 3658142, -9616261,168825,40418,   34, 4558,   17
 64732.800,  9503,20635,20612,-99999,-99999,-99999,-9999,-999, 3658275, -9616091,168911,40426,   37, 4564,   21
 64733.800,  9495,20637,20613,-99999,-99999,-99999,-9999,-999, 3658412, -9615927,168950,40438,   36, 4567,   21
 64734.800,  9489,20644,20596,-99999,-99999,-99999,-9999,-999, 3658546, -9615763,169047,40459,   39, 4576,   23
 64735.800,  9482,20650,20566,-99999,-99999,-99999,-9999,-999, 3658681, -9615597,169076,40479,   38, 4584,   22
 64736.800,  9473,20656,20555,-99999,-99999,-99999,-9999,-999, 3658817, -9615432,169155,40502,   33, 4594,   19
 64737.800,  9468,20656,20565,-99999,-99999,-99999,-9999,-999, 3658952, -9615267,169228,40509,   35, 4608,   14
 64738.800,  9461,20659,20587,-99999,-99999,-99999,-9999,-999, 3659088, -9615101,169261,40522,   46, 4610,   12
 64739.800,  9452,20661,20640,-99999,-99999,-99999,-9999,-999, 3659223, -9614936,169293,40537,   42, 4607,    6
 64740.800,  9447,20657,20667,-99999,-99999,-99999,-9999,-999, 3659358, -9614771,169326,40536,   32, 4604,    8
 64741.800,  9442,20656,20676,-99999,-99999,-99999,-9999,-999, 3659493, -9614605,169358,40540,   34, 4600,   12
 64742.800,  9433,20655,20705,-99999,-99999,-99999,-9999,-999, 3659632, -9614440,169398,40549,   38, 4596,   11
 64743.800,  9427,20654,20727,-99999,-99999,-99999,-9999,-999, 3659768, -9614275,169431,40554,   39, 4593,   13
 64744.800,  9420,20654,20719,-99999,-99999,-99999,-9999,-999, 3659904, -9614109,169464,40563,   34, 4589,   13
