flight/ER2/SEAC4RS-MMS-1HZ_ER2_20130801_RA.ict
49, 1001                                                                                                                                                                                                
Bui, T. Paul                                                                                                                                                                                            
NASA Ames Research Center                                                                                                                                                                               
MMS - Meteorological Measurement System                                                                                                                                                                 
SEAC4RS                                                                                                                                                                                                 
1, 1                                                                                                                                                                                                    
2013, 08, 01, 2013, 08, 04                                                                                                                                                                              
-1                                                                                                                                                                                                      
TIME_UTC, seconds, elapsed time from 0000 UTC                                                                                                                                                           
15                                                                                                                                                                                                      
0.01, 0.01, 0.01, 0.01, 0.01, 0.001, 0.01, 0.01, 0.00001, 0.00001, 0.1, 0.01, 0.01, 0.01, 0.01                                                                                                          
-99999, -9999, -9999, -99999, -99999, -99999, -9999, -999, -9999999, -99999999, -99999, -9999, -9999, -9999, -9999                                                                                      
P, hPa, Static Pressure                                                                                                                                                                                 
T, K, Static Temperature                                                                                                                                                                                
TAS, m/s, True Air Speed                                                                                                                                                                                
U, m/s, E-W Horizontal Wind Speed                                                                                                                                                                       
[...]
DM_CONTACT_INFO: Jon Dean-Day, Bay Area Environmental Research Institute, 596 First St.                                                                                                                 
West, Sonoma, CA, 95476; email: jonathan.m.dean-day@nasa.gov                                                                                                                                            
PROJECT_INFO: SEAC4RS mission August 1 - September 30, 2013; Houston, TX                                                                                                                                
OTHER_COMMENTS:                                                                                                                                                                                         
..\cv\e_130801.cva                                                                                                                                                                                      
REVISION: RA                                                                                                                                                                                            
RA: FIELD DATA                                                                                                                                                                                          
TIME_UTC, P, T, TAS, U, V, W, TEDR, REYN, G_LAT, G_LONG, G_ALT, POT, ROLL, HDG, PITCH                                                                                                                   
[from data line 1143]
 78328.650,  8951,20723,19746,  -190,   142,   431, -809, 439, 3621391,-11855912,173167,41297,   33,34939,   42
 78329.650,  8941,20716,19759,  -178,   137,   391, -727, 439, 3621565,-11855959,173222,41296,   36,34936,   32
 78330.650,  8933,20715,19755,  -187,   146,   332, -850, 441, 3621740,-11856005,173275,41305,   44,34934,   28
 78331.650,  8927,20712,19748,  -204,   157,   393, -874, 445, 3621915,-11856051,173328,41307,   40,34935,   24
 78332.650,  8921,20705,19778,  -208,   134,   183, -930, 442, 3622090,-11856097,173379,41301,   34,34937,   20
 78333.650,  8919,20703,19782,  -206,   138,   170, -994, 442, 3622265,-11856143,173436,41298,   27,34939,   40
 78334.650,  8911,20698,19788,  -183,   140,   332, -953, 439, 3622441,-11856189,173489,41300,   36,34936,   45
 78335.650,  8904,20696,19789,  -178,   143,   256,-1021, 440, 3622616,-11856234,173538,41304,   45,34931,   45
 78336.650,  8897,20691,19793,  -174,   144,    89,-1026, 439, 3622791,-11856280,173592,41304,   33,34931,   57
 78337.650,  8894,20696,19773,  -184,   162,   372, -787, 443, 3622967,-11856327,173639,41318,   38,34930,   65
 78338.650,  8882,20691,19786,  -202,   148,   292, -904, 440, 3623142,-11856372,173692,41324,   31,34929,   57
 78339.650,  8875,20686,19795,  -187,   143,   199,-1130, 440, 3623318,-11856418,173744,41324,   25,34931,   67
 78340.650,  8869,20689,19788,  -212,   145,   339, -889, 442, 3623494,-11856464,173797,41338,   23,34932,   74
 78341.650,  8858,20686,19796,  -222,   134,   335,-1221, 443, 3623670,-11856510,173851,41345,   24,34934,   72
 78342.650,  8850,20682,19793,  -209,   139,   258, -898, 443, 3623845,-11856555,173904,41348,   39,34935,   73
 78343.650,  8842,20685,19784,  -223,   144,   381, -982, 445, 3624021,-11856602,173961,41366,   42,34935,   76
 78344.650,  8832,20678,19826,  -209,   103,   108, -852, 439, 3624197,-11856648,174018,41366,   35,34935,   73
 78345.650,  8829,20679,19784,  -214,   142,   200, -838, 444, 3624372,-11856694,174075,41372,   30,34935,   97
 78346.650,  8816,20673,19786,  -216,   135,   405, -805, 443, 3624548,-11856740,174132,41375,   32,34933,   91
 78347.650,  8804,20667,19768,  -241,   144,   143, -798, 446, 3624724,-11856787,174190,41380,   46,34933,   83
 78348.650,  8797,20665,19740,  -273,   164,   231, -824, 453, 3624899,-11856832,174247,41385,   39,34936,   81
 78349.650,  8786,20656,19747,  -256,   158,    68, -882, 450, 3625058,-11856874,174281,41382,   23,34943,   72
 78350.650,  8780,20652,19745,  -248,   161,    43, -893, 449, 3625202,-11856912,174302,41382,   32,34943,   74
 78351.650,  8771,20645,19747,  -245,   159,   160, -869, 448, 3625332,-11856946,174315,41381,  -91,34946,   67
 78352.650,  8762,20642,19733,  -258,   171,   -84, -832, 450, 3625449,-11856977,174323,41388, -372,34955,   69
 78353.650,  8754,20642,19732,  -236,   177,    36, -852, 448, 3625556,-11857005,174328,41398, -595,34954,   69
 78354.650,  8746,20639,19744,  -228,   171,  -160, -824, 447, 3625715,-11857119,174246,41402, -904,34937,   67
 78355.650,  8741,20639,19749,  -222,   171,  -359, -906, 446, 3625814,-11857157,174244,41409,-1202,34904,   81
 78356.650,  8738,20642,19751,  -192,   181,  -220, -825, 444, 3625913,-11857196,174243,41419,-1401,34867,   86
 78357.650,  8732,20640,19769,  -176,   174,  -264, -841, 440, 3626002,-11857231,174242,41424,-1690,34800,   87
 78358.650,  8728,20639,19779,  -177,   173,  -398, -801, 441, 3626083,-11857263,174241,41427,-2000,34712,   92
 78359.650,  8727,20638,19780,  -165,   184,  -452, -917, 441, 3626156,-11857292,174241,41426,-2157,34636,  100
 78360.650,  8726,20635,19769,  -161,   209,  -289, -989, 444, 3626222,-11857318,174241,41421,-2188,34505,   98
 78361.650,  8721,20629,19777,  -151,   218,  -383, -986, 445, 3626281,-11857342,174241,41416,-2172,34409,   86
 78362.650,  8720,20626,19765,  -168,   238,  -341, -889, 450, 3626336,-11857364,174241,41413,-2146,34270,   77
 78363.650,  8718,20626,19763,  -152,   263,  -169, -961, 450, 3626384,-11857383,174241,41413,-2132,34128,   64
 78364.650,  8715,20623,19781,  -124,   268,  -404, -737, 449, 3626429,-11857401,174241,41413,-2129,34025,   61
 78365.650,  8716,20624,19772,  -133,   289,  -396, -745, 452, 3626473,-11858000,174240,41413,-2125,33878,   66
 78366.650,  8713,20629,19807,   -75,   291,  -475, -794, 449, 3626515,-11858078,174240,41428,-2122,33734,   69
 78367.650,  8714,20630,19828,   -42,   293,  -585, -998, 448, 3626558,-11858156,174240,41428,-2110,33622,   85
 78368.650,  8715,20634,19809,   -70,   307,  -240, -951, 451, 3626596,-11858226,174240,41434,-2099,33466,  109
 78369.650,  8705,20629,19846,   -31,   288,  -404, -910, 447, 3626631,-11858290,174240,41438,-2097,33371,  114
 78370.650,  8702,20633,19834,    -7,   315,  -379, -909, 452, 3626662,-11858347,174240,41450,-2093,33224,  143
 78371.650,  8697,20636,19819,    -5,   326,  -134,-1225, 453, 3626691,-11858399,174240,41463,-2099,33082,  162
 78372.650,  8687,20638,19820,    15,   331,  -248,-1374, 453, 3626716,-11858446,174240,41481,-2098,32981,  171
 78373.650,  8677,20638,19795,    11,   346,  -173,-1107, 456, 3626740,-11858489,174240,41494,-2081,32842,  184
 78374.650,  8666,20646,19776,     1,   351,  -190,-1098, 456, 3626761,-11858527,174240,41525,-2073,32752,  182
 78375.650,  8652,20657,19769,    21,   360,  -343, -957, 457, 3626751,-11859011,174241,41566,-2065,32625,  181
 78376.650,  8641,20667,19724,    30,   409,  -219,-1002, 464, 3626764,-11859113,174242,41602,-2051,32532,  176
 78377.650,  8627,20666,19732,    59,   413,  -484, -823, 461, 3629523,-11859157,174234,41619,-2066,32410,  155
 78378.650,  8623,20672,19699,    49,   436,  -608,-1082, 465, 3629671,-11859280,174233,41637,-2074,32282,  158
 78379.650,  8616,20671,19684,    39,   442,  -488,-1168, 466, 3629819,-11859402,174233,41644,-2079,32199,  148
 78380.650,  8606,20665,19695,    71,   448,  -626,-1139, 466, 3630198,-11859410,174318,41646,-2065,32078,  138
 78381.650,  8603,20665,19684,    63,   453,  -450, -938, 467, 3630377,-11859513,174528,41650,-2052,31984,  135
 78382.650,  8597,20664,19677,    62,   456,  -407,-1093, 468, 3630518,-11859642,174786,41657,-2060,31864,  131
 78383.650,  8591,20665,19658,    42,   466,  -384,-1092, 468, 3630653,-11859781,174976,41667,-2065,31744,  126
 78384.650,  8585,20666,19652,     9,   462,  -321, -992, 468, 3630786,-11859922,175104,41679,-2035,31666,  124
 78385.650,  8577,20664,19652,     2,   458,  -252,-1185, 466, 3630919,-11860066,175195,41684,-1903,31541,  113
 78386.650,  8571,20664,19647,   -17,   449,  -282,-1354, 466, 3631050,-11860219,175319,41694,-1803,31457,  105
 78387.650,  8565,20664,19632,   -19,   469,  -176,-1045, 468, 3631178,-11860375,175428,41701,-1667,31341,  101
 78388.650,  8558,20661,19625,   -23,   476,  -136, -936, 469, 3631304,-11860532,175523,41705,-1581,31266,   94
 78389.650,  8553,20660,19614,   -24,   495,   -75,-1042, 470, 3631429,-11860691,175602,41709,-1485,31167,   87
 78390.650,  8547,20667,19615,   -20,   501,    47,-1094, 471, 3631551,-11860852,175667,41732,-1421,31077,   84
 78391.650,  8541,20675,19622,   -13,   501,    53,-1066, 470, 3631672,-11861016,175745,41757,-1369,31015,   84
 78392.650,  8534,20687,19634,     7,   510,   104,-1083, 472, 3631790,-11861182,175817,41790,-1261,30928,   78
 78393.650,  8527,20690,19640,    -9,   484,   -46,-1195, 469, 3631907,-11861350,175887,41807,-1211,30873,   76
 78394.650,  8523,20723,19647,    -4,   481,    46, -923, 467, 3632022,-11861519,175952,41879,-1138,30804,   85
 78395.650,  8515,20740,19672,    26,   481,     3,-1016, 468, 3632136,-11861690,176007,41925,-1058,30729,   80
 78396.650,  8507,20746,19679,    38,   485,   -50,-1018, 469, 3632248,-11861862,176073,41949,-1018,30683,   79
 78397.650,  8501,20747,19690,    54,   492,  -100,-1129, 470, 3632359,-11862037,176129,41960, -963,30617,   82
 78398.650,  8495,20737,19679,    30,   477,  -140, -982, 468, 3632469,-11862212,176186,41947, -908,30558,   83
 78399.650,  8488,20743,19689,    41,   475,   -99,-1119, 468, 3632577,-11862389,176245,41969, -872,30522,   85
 78400.650,  8480,20747,19697,    60,   488,  -169,-1091, 469, 3632684,-11862567,176308,41989, -817,30469,   84
 78401.650,  8472,20748,19696,    62,   493,  -196,-1015, 470, 3632789,-11862745,176366,42001, -781,30434,   86
 78402.650,  8464,20748,19703,    68,   490,  -152,-1225, 470, 3632894,-11862925,176427,42013, -736,30388,   82
 78403.650,  8458,20752,19721,    94,   496,  -271,-1207, 471, 3632997,-11863106,176487,42030, -693,30346,   79
 78404.650,  8451,20753,19723,   103,   507,  -435,-1204, 471, 3633099,-11863287,176543,42042, -660,30313,   81
 78405.650,  8445,20751,19720,    96,   502,  -621,-1372, 471, 3633200,-11863469,176598,42045, -630,30274,   84
 78406.650,  8440,20747,19737,   109,   487,  -497,-1128, 470, 3633300,-11863653,176655,42045, -613,30248,   86
 78407.650,  8435,20755,19726,    98,   489,  -429,-1156, 470, 3633400,-11863837,176711,42069, -578,30213,   89
 78408.650,  8427,20764,19684,    56,   497,  -225,-1105, 470, 3633498,-11864022,176765,42098, -536,30183,   82
 78409.650,  8413,20761,19700,    70,   494,  -357,-1233, 470, 3633596,-11864207,176820,42113, -512,30164,   54
 78410.650,  8410,20768,19674,    43,   510,  -562,-1055, 471, 3633692,-11864393,176874,42130, -486,30135,   49
 78411.650,  8407,20772,19666,    36,   525,  -249,-1109, 472, 3633788,-11864579,176928,42143, -463,30106,   34
 78412.650,  8399,20771,19685,    53,   533,  -466,-1032, 473, 3633883,-11864767,176977,42153, -447,30085,   16
 78413.650,  8397,20771,19697,    57,   543,  -495,-1061, 474, 3633978,-11864955,177024,42156, -424,30055,   12
 78414.650,  8396,20771,19707,    58,   545,  -346,-1026, 473, 3634071,-11865142,177068,42156, -406,30035,   12
 78415.650,  8394,20771,19716,    56,   548,  -209,-1016, 474, 3634165,-11865331,177108,42160, -381,30008,   10
 78416.650,  8392,20769,19730,    51,   534,  -230,-1007, 473, 3634257,-11865520,177147,42159, -365,29992,    8
 78417.650,  8388,20767,19749,    53,   523,  -264, -994, 472, 3634349,-11865710,177184,42159, -345,29971,    9
 78418.650,  8387,20769,19758,    57,   538,  -278,-1024, 473, 3634440,-11865901,177220,42166, -327,29953,   20
 78419.650,  8384,20766,19779,    69,   533,  -200, -921, 473, 3634531,-11866091,177254,42163, -309,29934,   26
 78420.650,  8381,20764,19795,    73,   528,  -195, -966, 472, 3634622,-11866283,177289,42163, -285,29912,   36
 78421.650,  8376,20763,19812,    90,   535,  -205, -989, 473, 3634712,-11866474,177323,42169, -273,29899,   45
 78422.650,  8371,20761,19821,    95,   537,  -244,-1158, 474, 3634802,-11866667,177358,42173, -254,29879,   57
 78423.650,  8365,20759,19831,   102,   533,  -229,-1007, 473, 3634891,-11866860,177393,42176, -245,29861,   68
 78424.650,  8357,20754,19845,   114,   528,  -269,-1092, 473, 3634980,-11867052,177428,42178, -238,29850,   73
 78425.650,  8353,20755,19837,   111,   540,  -251,-1175, 474, 3635069,-11867246,177465,42186, -221,29833,   85
 78426.650,  8347,20756,19838,   120,   552,  -222,-1077, 475, 3635157,-11867439,177503,42197, -207,29816,   92
 78427.650,  8339,20754,19847,   128,   541,  -240,-1282, 474, 3635245,-11867633,177543,42204, -192,29806,   96
 78428.650,  8331,20752,19865,   149,   531,  -236,-1143, 473, 3635332,-11867827,177585,42213, -178,29794,  102
 78429.650,  8323,20749,19861,   146,   525,  -232,-1051, 473, 3635419,-11868021,177626,42217, -168,29785,  107
 78430.650,  8315,20761,19859,   163,   550,  -175,-1177, 475, 3635506,-11868215,177669,42252, -166,29773,  113
 78431.650,  8306,20777,19890,   216,   571,  -238,-1236, 478, 3635592,-11868410,177716,42298, -165,29754,  115
 78432.650,  8298,20782,19903,   236,   568,  -235,-1325, 478, 3635679,-11868605,177762,42320, -160,29743,  120
 78433.650,  8291,20789,19910,   249,   557,  -105,-1049, 478, 3635764,-11868800,177812,42345, -149,29729,  130
 78434.650,  8283,20797,19911,   272,   581,   -88,-1008, 479, 3635850,-11868994,177864,42373, -139,29720,  137
 78435.650,  8272,20804,19899,   305,   648,    -6,-1119, 484, 3635936,-11869190,177909,42402, -119,29699,  141
 78436.650,  8261,20800,19894,   316,   656,   -56, -956, 484, 3636021,-11869386,177945,42412, -113,29681,  135
 78437.650,  8252,20801,19885,   320,   664,   -87, -882, 485, 3636105,-11869581,177991,42426, -115,29663,  131
 78438.650,  8242,20799,19884,   328,   655,  -123,-1183, 485, 3636189,-11869777,178038,42437, -111,29652,  129
 78439.650,  8234,20799,19881,   328,   643,  -119, -993, 485, 3636272,-11869973,178086,42448, -102,29646,  130
 78440.650,  8225,20801,19866,   319,   634,   -28,-1031, 484, 3636356,-11870169,178124,42466,  -86,29640,  123
 78441.650,  8214,20809,19869,   318,   609,  -125,-1122, 483, 3636440,-11870364,178159,42499,  -79,29638,  118
 78442.650,  8205,20812,19874,   322,   588,  -236,-1049, 482, 3636522,-11870561,178195,42519,  -70,29639,  108
 78443.650,  8197,20814,19880,   331,   577,  -300,-1304, 481, 3636605,-11870757,178231,42534,  -64,29639,  108
 78444.650,  8192,20824,19869,   320,   566,  -200, -841, 480, 3636688,-11870954,178266,42562,  -57,29641,  106
 78445.650,  8184,20832,19873,   314,   531,  -159, -948, 478, 3636769,-11871149,178311,42590,  -49,29645,   99
 78446.650,  8176,20832,19878,   319,   521,  -126,-1079, 477, 3636852,-11871345,178357,42602,  -46,29646,   94
 78447.650,  8170,20834,19881,   322,   514,  -134, -923, 477, 3636933,-11871541,178395,42615,  -46,29641,   91
 78448.650,  8162,20831,19902,   333,   482,  -156, -989, 475, 3637016,-11871737,178440,42622,  -48,29638,   89
 78449.650,  8157,20833,19898,   324,   472,  -162,-1191, 474, 3637097,-11871933,178489,42633,  -44,29638,   93
 78450.650,  8150,20833,19902,   323,   450,   -80, -967, 473, 3637179,-11872128,178534,42642,  -35,29640,   98
 78451.650,  8143,20830,19909,   328,   435,   -36,-1043, 473, 3637261,-11872323,178580,42646,  -27,29641,   99
 78452.650,  8137,20829,19909,   322,   413,  -101,-1080, 471, 3637343,-11872519,178627,42656,  -20,29644,  101
 78453.650,  8129,20828,19912,   320,   388,  -117, -961, 469, 3637424,-11872715,178675,42664,  -15,29649,  106
 78454.650,  8120,20828,19915,   319,   367,  -120,-1028, 467, 3637505,-11872911,178724,42676,  -15,29652,  107
 78455.650,  8113,20835,19906,   297,   327,   -98,-1072, 463, 3637587,-11873107,178769,42703,  -16,29659,  108
 78456.650,  8106,20851,19898,   268,   273,   -81,-1258, 459, 3637668,-11873303,178818,42747,  -14,29668,  106
 78457.650,  8097,20874,19893,   252,   241,   -31,-1084, 452, 3637749,-11873499,178870,42808,  -11,29683,  102
 78458.650,  8088,20888,19908,   277,   248,   -19,-1220, 456, 3637830,-11873694,178920,42848,   -4,29688,   94
 78459.650,  8081,20889,19909,   291,   264,   -67,-1146, 457, 3637910,-11873889,178970,42862,    5,29686,   89
 78460.650,  8076,20893,19901,   294,   281,   -28,-1202, 459, 3637991,-11874086,179025,42876,    3,29682,   90
 78461.650,  8069,20892,19911,   310,   285,   -31,-1069, 460, 3638072,-11874282,179080,42886,    3,29679,   88
 78462.650,  8063,20890,19907,   306,   281,   -42,-1136, 460, 3638152,-11874478,179136,42892,    1,29674,   87
 78463.650,  8058,20890,19902,   303,   282,   -39,-1120, 459, 3638233,-11874672,179199,42899,    1,29671,   90
 78464.650,  8052,20890,19902,   310,   291,    61,-1158, 460, 3638313,-11874868,179266,42907,    7,29667,   93
 78465.650,  8042,20885,19914,   327,   292,    33,-1153, 461, 3638393,-11875064,179324,42912,   11,29661,   89
 78466.650,  8036,20885,19913,   332,   300,   -65,-1095, 463, 3638474,-11875259,179394,42921,   11,29657,   89
 78467.650,  8030,20883,19915,   341,   306,  -113,-1157, 464, 3638554,-11875454,179462,42927,   13,29652,   94
 78468.650,  8024,20881,19917,   349,   311,  -103,-1358, 464, 3638634,-11875649,179526,42931,   14,29649,   98
 78469.650,  8018,20879,19923,   361,   313,   -52,-1221, 465, 3638714,-11875845,179572,42938,   15,29646,  101
