flight/ER2/SEAC4RS-MMS-1HZ_ER2_20130812_RA.ict
49, 1001                                                                                                                                                                                                
Bui, T. Paul                                                                                                                                                                                            
NASA Ames Research Center                                                                                                                                                                               
MMS - Meteorological Measurement System                                                                                                                                                                 
SEAC4RS                                                                                                                                                                                                 
1, 1                                                                                                                                                                                                    
2013, 08, 12, 2013, 08, 12                                                                                                                                                                              
-1                                                                                                                                                                                                      
TIME_UTC, seconds, elapsed time from 0000 UTC                                                                                                                                                           
15                                                                                                                                                                                                      
0.01, 0.01, 0.01, 0.01, 0.01, 0.001, 0.01, 0.01, 0.00001, 0.00001, 0.1, 0.01, 0.01, 0.01, 0.01                                                                                                          
-99999, -9999, -9999, -99999, -99999, -99999, -9999, -999, -9999999, -99999999, -99999, -9999, -9999, -9999, -9999                                                                                      
P, hPa, Static Pressure                                                                                                                                                                                 
T, K, Static Temperature                                                                                                                                                                                
TAS, m/s, True Air Speed                                                                                                                                                                                
U, m/s, E-W Horizontal Wind Speed                                                                                                                                                                       
[...]
DM_CONTACT_INFO: Jon Dean-Day, Bay Area Environmental Research Institute, 596 First St.                                                                                                                 
West, Sonoma, CA, 95476; email: jonathan.m.dean-day@nasa.gov                                                                                                                                            
PROJECT_INFO: SEAC4RS mission August 1 - September 30, 2013; Houston, TX                                                                                                                                
OTHER_COMMENTS:                                                                                                                                                                                         
..\cv\e_130812.cva                                                                                                                                                                                      
REVISION: RA                                                                                                                                                                                            
RA: Preliminary FIELD DATA, Not funded for 3D Winds                                                                                                                                                     
TIME_UTC, P, T, TAS, U, V, W, TEDR, REYN, G_LAT, G_LONG, G_ALT, POT, ROLL, HDG, PITCH                                                                                                                   
[from data line 23001]
 69770.900,  7173,20780,20059,-99999,-99999,-99999,-9999,-999, 3224185, -9016024,186885,44117,   27,23896,  -32
 69771.900,  7173,20781,20058,-99999,-99999,-99999,-9999,-999, 3224149, -9016067,186885,44118,   27,23895,  -30
 69772.900,  7172,20781,20064,-99999,-99999,-99999,-9999,-999, 3224115, -9016106,186885,44118,   30,23896,  -28
 69773.900,  7173,20782,20060,-99999,-99999,-99999,-9999,-999, 3224085, -9016140,186885,44118,   41,23898,  -26
 69774.900,  7172,20781,20060,-99999,-99999,-99999,-9999,-999, 3224058, -9016172,186885,44119,   43,23899,  -24
 69775.900,  7171,20780,20061,-99999,-99999,-99999,-9999,-999, 3223692, -9018190,186881,44118,   40,23901,  -28
 69776.900,  7170,20779,20059,-99999,-99999,-99999,-9999,-999, 3223601, -9018369,186881,44118,   40,23903,  -30
 69777.900,  7169,20779,20055,-99999,-99999,-99999,-9999,-999, 3223510, -9018548,186881,44120,   43,23904,  -31
 69778.900,  7168,20778,20055,-99999,-99999,-99999,-9999,-999, 3223459, -9018791,186885,44121,   20,23904,  -38
 69779.900,  7168,20779,20047,-99999,-99999,-99999,-9999,-999, 3223381, -9018991,186885,44122,   12,23904,  -38
 69780.900,  7169,20780,20038,-99999,-99999,-99999,-9999,-999, 3223293, -9019179,186883,44122,   23,23904,  -37
 69781.900,  7170,20781,20031,-99999,-99999,-99999,-9999,-999, 3223203, -9019363,186883,44122,   29,23903,  -38
 69782.900,  7169,20779,20039,-99999,-99999,-99999,-9999,-999, 3223113, -9019550,186896,44121,   31,23903,  -40
 69783.900,  7170,20780,20033,-99999,-99999,-99999,-9999,-999, 3223023, -9019734,186892,44121,   34,23897,  -38
 69784.900,  7169,20781,20029,-99999,-99999,-99999,-9999,-999, 3222933, -9019918,186892,44123,   35,23898,  -38
 69785.900,  7169,20781,20026,-99999,-99999,-99999,-9999,-999, 3222842, -9020102,186890,44124,   45,23899,  -40
 69786.900,  7170,20781,20020,-99999,-99999,-99999,-9999,-999, 3222751, -9020285,186891,44123,   45,23899,  -41
 69787.900,  7169,20780,20018,-99999,-99999,-99999,-9999,-999, 3222660, -9020469,186891,44123,   45,23900,  -43
 69788.900,  7169,20782,20003,-99999,-99999,-99999,-9999,-999, 3222570, -9020654,186888,44125,   44,23898,  -44
 69789.900,  7169,20780,20003,-99999,-99999,-99999,-9999,-999, 3222479, -9020838,186887,44123,   22,23899,  -48
 69790.900,  7169,20780,19992,-99999,-99999,-99999,-9999,-999, 3222388, -9021021,186884,44123,   12,23899,  -48
 69791.900,  7171,20781,19976,-99999,-99999,-99999,-9999,-999, 3222298, -9021205,186883,44122,   19,23897,  -44
 69792.900,  7170,20780,19972,-99999,-99999,-99999,-9999,-999, 3222207, -9021389,186882,44120,   29,23893,  -47
 69793.900,  7169,20777,19970,-99999,-99999,-99999,-9999,-999, 3222116, -9021573,186880,44116,   28,23892,  -48
 69794.900,  7171,20781,19940,-99999,-99999,-99999,-9999,-999, 3222026, -9021757,186879,44120,   28,23893,  -46
 69795.900,  7172,20781,19933,-99999,-99999,-99999,-9999,-999, 3221935, -9021941,186877,44118,   33,23893,  -44
 69796.900,  7172,20780,19929,-99999,-99999,-99999,-9999,-999, 3221844, -9022124,186876,44117,   41,23891,  -43
 69797.900,  7171,20779,19922,-99999,-99999,-99999,-9999,-999, 3221753, -9022308,186874,44117,   43,23889,  -45
 69798.900,  7172,20779,19913,-99999,-99999,-99999,-9999,-999, 3221663, -9022492,186870,44115,   41,23889,  -45
 69799.900,  7173,20780,19902,-99999,-99999,-99999,-9999,-999, 3221572, -9022676,186869,44115,   42,23891,  -43
 69800.900,  7173,20779,19902,-99999,-99999,-99999,-9999,-999, 3221481, -9022859,186869,44114,   28,23892,  -44
 69801.900,  7174,20780,19896,-99999,-99999,-99999,-9999,-999, 3221390, -9023043,186867,44113,   15,23894,  -41
 69802.900,  7175,20779,19894,-99999,-99999,-99999,-9999,-999, 3221299, -9023227,186865,44111,   21,23892,  -34
 69803.900,  7175,20781,19885,-99999,-99999,-99999,-9999,-999, 3221209, -9023410,186863,44114,   25,23888,  -33
 69804.900,  7175,20779,19896,-99999,-99999,-99999,-9999,-999, 3221118, -9023594,186860,44110,   25,23887,  -33
 69805.900,  7174,20779,19897,-99999,-99999,-99999,-9999,-999, 3221027, -9023778,186858,44111,   26,23887,  -31
 69806.900,  7176,20780,19888,-99999,-99999,-99999,-9999,-999, 3220937, -9023962,186856,44111,   35,23887,  -31
 69807.900,  7174,20778,19896,-99999,-99999,-99999,-9999,-999, 3220846, -9024146,186858,44110,   40,23886,  -30
 69808.900,  7175,20779,19889,-99999,-99999,-99999,-9999,-999, 3220755, -9024330,186856,44111,   43,23885,  -29
 69809.900,  7173,20779,19894,-99999,-99999,-99999,-9999,-999, 3220664, -9024513,186855,44112,   43,23885,  -30
 69810.900,  7173,20779,19897,-99999,-99999,-99999,-9999,-999, 3220574, -9024697,186854,44114,   41,23886,  -31
 69811.900,  7173,20779,19904,-99999,-99999,-99999,-9999,-999, 3220483, -9024880,186854,44113,   29,23888,  -33
 69812.900,  7174,20780,19906,-99999,-99999,-99999,-9999,-999, 3220392, -9025064,186853,44113,   13,23892,  -32
 69813.900,  7175,20781,19907,-99999,-99999,-99999,-9999,-999, 3220302, -9025248,186856,44115,   16,23890,  -30
 69814.900,  7175,20782,19904,-99999,-99999,-99999,-9999,-999, 3220211, -9025431,186859,44115,   22,23888,  -27
 69815.900,  7175,20781,19904,-99999,-99999,-99999,-9999,-999, 3220120, -9025615,186858,44114,   30,23890,  -26
 69816.900,  7173,20778,19916,-99999,-99999,-99999,-9999,-999, 3220029, -9025799,186858,44112,   39,23891,  -28
 69817.900,  7172,20776,19922,-99999,-99999,-99999,-9999,-999, 3219939, -9025982,186861,44110,   38,23892,  -29
 69818.900,  7170,20773,19934,-99999,-99999,-99999,-9999,-999, 3219848, -9026165,186863,44107,   39,23892,  -34
 69819.900,  7168,20773,19937,-99999,-99999,-99999,-9999,-999, 3219757, -9026349,186866,44107,   38,23892,  -38
 69820.900,  7168,20772,19940,-99999,-99999,-99999,-9999,-999, 3219666, -9026532,186870,44107,   40,23891,  -41
 69821.900,  7169,20772,19941,-99999,-99999,-99999,-9999,-999, 3219576, -9026716,186872,44105,   42,23890,  -45
 69822.900,  7168,20771,19950,-99999,-99999,-99999,-9999,-999, 3219485, -9026900,186873,44104,   28,23891,  -49
 69823.900,  7169,20769,19962,-99999,-99999,-99999,-9999,-999, 3219394, -9027083,186878,44098,   12,23895,  -47
 69824.900,  7170,20770,19957,-99999,-99999,-99999,-9999,-999, 3219304, -9027267,186882,44099,   25,23895,  -43
 69825.900,  7170,20768,19972,-99999,-99999,-99999,-9999,-999, 3219212, -9027450,186885,44095,   29,23893,  -44
 69826.900,  7169,20768,19985,-99999,-99999,-99999,-9999,-999, 3219122, -9027634,186887,44096,   29,23894,  -38
 69827.900,  7170,20770,19989,-99999,-99999,-99999,-9999,-999, 3219031, -9027818,186887,44098,   34,23900,  -32
 69828.900,  7169,20770,19994,-99999,-99999,-99999,-9999,-999, 3218940, -9028002,186888,44100,   42,23904,  -31
 69829.900,  7169,20770,19998,-99999,-99999,-99999,-9999,-999, 3218849, -9028186,186890,44101,   47,23906,  -28
 69830.900,  7169,20769,20005,-99999,-99999,-99999,-9999,-999, 3218758, -9028369,186891,44100,   47,23909,  -30
 69831.900,  7166,20767,20010,-99999,-99999,-99999,-9999,-999, 3218667, -9028552,186893,44101,   45,23908,  -34
 69832.900,  7165,20766,20015,-99999,-99999,-99999,-9999,-999, 3218577, -9028736,186897,44099,   43,23911,  -36
 69833.900,  7162,20764,20027,-99999,-99999,-99999,-9999,-999, 3218485, -9028920,186903,44099,   23,23915,  -42
 69834.900,  7163,20764,20017,-99999,-99999,-99999,-9999,-999, 3218395, -9029105,186906,44100,   13,23917,  -42
 69835.900,  7162,20764,20018,-99999,-99999,-99999,-9999,-999, 3218304, -9029289,186912,44100,   24,23915,  -44
 69836.900,  7162,20764,20018,-99999,-99999,-99999,-9999,-999, 3218213, -9029473,186916,44101,   24,23913,  -50
 69837.900,  7161,20764,20016,-99999,-99999,-99999,-9999,-999, 3218122, -9029656,186922,44102,   27,23910,  -52
 69838.900,  7162,20763,20020,-99999,-99999,-99999,-9999,-999, 3218031, -9029840,186927,44099,   32,23911,  -54
 69839.900,  7162,20763,20015,-99999,-99999,-99999,-9999,-999, 3217940, -9030024,186932,44100,   41,23912,  -55
 69840.900,  7161,20762,20017,-99999,-99999,-99999,-9999,-999, 3217849, -9030208,186936,44098,   45,23911,  -58
 69841.900,  7161,20762,20014,-99999,-99999,-99999,-9999,-999, 3217757, -9030392,186940,44098,   43,23910,  -60
 69842.900,  7162,20762,20016,-99999,-99999,-99999,-9999,-999, 3217666, -9030577,186941,44096,   42,23913,  -61
 69843.900,  7161,20762,20020,-99999,-99999,-99999,-9999,-999, 3217575, -9030760,186942,44096,   46,23914,  -61
 69844.900,  7161,20762,20022,-99999,-99999,-99999,-9999,-999, 3217484, -9030945,186943,44097,   25,23920,  -64
 69845.900,  7164,20763,20013,-99999,-99999,-99999,-9999,-999, 3217393, -9031129,186942,44096,   14,23923,  -61
 69846.900,  7165,20764,20008,-99999,-99999,-99999,-9999,-999, 3217302, -9031314,186941,44094,   22,23923,  -57
 69847.900,  7165,20761,20010,-99999,-99999,-99999,-9999,-999, 3217210, -9031497,186941,44090,   31,23922,  -54
 69848.900,  7166,20759,19999,-99999,-99999,-99999,-9999,-999, 3217119, -9031682,186942,44084,   35,23922,  -50
 69849.900,  7166,20758,19981,-99999,-99999,-99999,-9999,-999, 3217028, -9031867,186943,44080,   35,23925,  -48
 69850.900,  7165,20756,19979,-99999,-99999,-99999,-9999,-999, 3216937, -9032051,186942,44077,   38,23926,  -46
 69851.900,  7164,20754,19984,-99999,-99999,-99999,-9999,-999, 3216845, -9032235,186941,44074,   39,23927,  -44
 69852.900,  7164,20753,19984,-99999,-99999,-99999,-9999,-999, 3216753, -9032420,186940,44074,   42,23927,  -46
 69853.900,  7165,20754,19980,-99999,-99999,-99999,-9999,-999, 3216662, -9032604,186939,44073,   44,23929,  -46
 69854.900,  7164,20752,19986,-99999,-99999,-99999,-9999,-999, 3216571, -9032790,186939,44070,   45,23929,  -49
 69855.900,  7164,20751,19989,-99999,-99999,-99999,-9999,-999, 3216479, -9032974,186937,44068,   24,23933,  -52
 69856.900,  7167,20752,19975,-99999,-99999,-99999,-9999,-999, 3216388, -9033159,186937,44068,   13,23935,  -50
 69857.900,  7167,20751,19983,-99999,-99999,-99999,-9999,-999, 3216296, -9033344,186936,44064,   22,23935,  -46
 69858.900,  7167,20750,19984,-99999,-99999,-99999,-9999,-999, 3216205, -9033529,186935,44063,   30,23932,  -44
 69859.900,  7166,20748,19987,-99999,-99999,-99999,-9999,-999, 3216113, -9033714,186933,44060,   32,23932,  -43
 69860.900,  7168,20749,19980,-99999,-99999,-99999,-9999,-999, 3216021, -9033899,186932,44059,   32,23934,  -42
 69861.900,  7166,20747,19990,-99999,-99999,-99999,-9999,-999, 3215930, -9034084,186931,44059,   35,23935,  -42
 69862.900,  7165,20748,19988,-99999,-99999,-99999,-9999,-999, 3215838, -9034268,186930,44060,   42,23936,  -43
 69863.900,  7166,20749,19987,-99999,-99999,-99999,-9999,-999, 3215746, -9034454,186929,44062,   45,23935,  -42
 69864.900,  7167,20751,19984,-99999,-99999,-99999,-9999,-999, 3215655, -9034638,186928,44064,   44,23936,  -42
 69865.900,  7167,20753,19983,-99999,-99999,-99999,-9999,-999, 3215563, -9034824,186928,44067,   42,23937,  -44
 69866.900,  7166,20750,19995,-99999,-99999,-99999,-9999,-999, 3215471, -9035008,186927,44064,   22,23940,  -47
 69867.900,  7168,20749,19986,-99999,-99999,-99999,-9999,-999, 3215379, -9035194,186926,44059,   15,23942,  -45
 69868.900,  7168,20747,19985,-99999,-99999,-99999,-9999,-999, 3215287, -9035379,186925,44053,   22,23941,  -43
 69869.900,  7168,20746,19980,-99999,-99999,-99999,-9999,-999, 3215196, -9035565,186923,44051,   32,23940,  -40
 69870.900,  7166,20743,19988,-99999,-99999,-99999,-9999,-999, 3215104, -9035749,186923,44049,   32,23940,  -39
 69871.900,  7166,20744,19985,-99999,-99999,-99999,-9999,-999, 3215012, -9035935,186922,44050,   32,23941,  -42
 69872.900,  7167,20743,19986,-99999,-99999,-99999,-9999,-999, 3214921, -9036120,186922,44049,   33,23942,  -42
 69873.900,  7165,20741,19994,-99999,-99999,-99999,-9999,-999, 3214829, -9036305,186919,44045,   36,23943,  -43
 69874.900,  7166,20738,19989,-99999,-99999,-99999,-9999,-999, 3214737, -9036492,186918,44038,   44,23943,  -44
 69875.900,  7167,20734,19966,-99999,-99999,-99999,-9999,-999, 3214644, -9036677,186917,44029,   49,23941,  -46
 69876.900,  7166,20731,19953,-99999,-99999,-99999,-9999,-999, 3214552, -9036862,186917,44022,   50,23939,  -47
 69877.900,  7165,20723,19944,-99999,-99999,-99999,-9999,-999, 3214460, -9037048,186916,44008,   28,23937,  -53
 69878.900,  7165,20717,19931,-99999,-99999,-99999,-9999,-999, 3214369, -9037233,186916,43996,   13,23936,  -51
 69879.900,  7165,20715,19931,-99999,-99999,-99999,-9999,-999, 3214277, -9037419,186917,43990,   19,23934,  -51
 69880.900,  7167,20715,19928,-99999,-99999,-99999,-9999,-999, 3214184, -9037605,186916,43988,   25,23930,  -53
 69881.900,  7167,20715,19939,-99999,-99999,-99999,-9999,-999, 3214092, -9037790,186915,43988,   28,23928,  -50
 69882.900,  7168,20718,19945,-99999,-99999,-99999,-9999,-999, 3214000, -9037976,186915,43992,   31,23929,  -50
 69883.900,  7168,20719,19959,-99999,-99999,-99999,-9999,-999, 3213908, -9038162,186914,43994,   37,23930,  -50
 69884.900,  7169,20721,19965,-99999,-99999,-99999,-9999,-999, 3213816, -9038347,186911,43996,   43,23930,  -47
 69885.900,  7170,20721,19969,-99999,-99999,-99999,-9999,-999, 3213724, -9038533,186910,43994,   48,23930,  -46
 69886.900,  7172,20722,19968,-99999,-99999,-99999,-9999,-999, 3213632, -9038719,186908,43993,   48,23929,  -41
 69887.900,  7171,20721,19977,-99999,-99999,-99999,-9999,-999, 3213539, -9038905,186907,43993,   52,23929,  -40
 69888.900,  7170,20718,19982,-99999,-99999,-99999,-9999,-999, 3213447, -9039091,186907,43989,   29,23932,  -44
 69889.900,  7170,20715,19987,-99999,-99999,-99999,-9999,-999, 3213354, -9039277,186906,43982,   12,23934,  -41
 69890.900,  7172,20715,19976,-99999,-99999,-99999,-9999,-999, 3213262, -9039463,186905,43979,   15,23932,  -38
 69891.900,  7172,20713,19981,-99999,-99999,-99999,-9999,-999, 3213170, -9039649,186904,43975,   29,23927,  -35
 69892.900,  7170,20711,19990,-99999,-99999,-99999,-9999,-999, 3213059, -9039880,186904,43974,   28,23924,  -35
 69893.900,  7171,20710,19985,-99999,-99999,-99999,-9999,-999, 3212975, -9040058,186898,43969,   28,23921,  -36
 69894.900,  7171,20705,19990,-99999,-99999,-99999,-9999,-999, 3212882, -9040243,186897,43959,   29,23920,  -36
 69895.900,  7170,20702,19991,-99999,-99999,-99999,-9999,-999, 3212796, -9040407,186899,43955,   38,23918,  -37
 69896.900,  7170,20700,19992,-99999,-99999,-99999,-9999,-999, 3212706, -9040587,186897,43950,   41,23915,  -34
 69897.900,  7168,20697,19999,-99999,-99999,-99999,-9999,-999, 3212615, -9040772,186896,43946,   46,23915,  -36
 69898.900,  7168,20695,20007,-99999,-99999,-99999,-9999,-999, 3212523, -9040956,186894,43943,   48,23915,  -38
 69899.900,  7166,20693,20022,-99999,-99999,-99999,-9999,-999, 3212431, -9041143,186891,43943,   26,23915,  -42
 69900.900,  7168,20697,20017,-99999,-99999,-99999,-9999,-999, 3212339, -9041329,186889,43946,   11,23917,  -35
 69901.900,  7169,20699,20020,-99999,-99999,-99999,-9999,-999, 3212246, -9041515,186888,43950,   21,23915,  -33
 69902.900,  7168,20700,20031,-99999,-99999,-99999,-9999,-999, 3212154, -9041701,186886,43954,   29,23910,  -35
 69903.900,  7168,20706,20033,-99999,-99999,-99999,-9999,-999, 3212062, -9041887,186885,43966,   26,23908,  -34
 69904.900,  7169,20710,20033,-99999,-99999,-99999,-9999,-999, 3211969, -9042073,186883,43974,   28,23908,  -34
 69905.900,  7168,20713,20042,-99999,-99999,-99999,-9999,-999, 3211877, -9042259,186882,43981,   37,23909,  -34
 69906.900,  7169,20713,20043,-99999,-99999,-99999,-9999,-999, 3211784, -9042446,186881,43980,   45,23913,  -34
 69907.900,  7168,20710,20043,-99999,-99999,-99999,-9999,-999, 3211692, -9042633,186880,43975,   48,23915,  -35
 69908.900,  7166,20708,20042,-99999,-99999,-99999,-9999,-999, 3211599, -9042819,186879,43973,   49,23912,  -38
 69909.900,  7166,20705,20046,-99999,-99999,-99999,-9999,-999, 3211507, -9043006,186878,43968,   45,23905,  -40
 69910.900,  7165,20702,20055,-99999,-99999,-99999,-9999,-999, 3211414, -9043192,186878,43962,   31,23902,  -43
