flight/ER2/SEAC4RS-MMS-1HZ_ER2_20130802_RA.ict
49, 1001                                                                                                                                                                                                
Bui, T. Paul                                                                                                                                                                                            
NASA Ames Research Center                                                                                                                                                                               
MMS - Meteorological Measurement System                                                                                                                                                                 
SEAC4RS                                                                                                                                                                                                 
1, 1                                                                                                                                                                                                    
2013, 08, 02, 2013, 08, 04                                                                                                                                                                              
-1                                                                                                                                                                                                      
TIME_UTC, seconds, elapsed time from 0000 UTC                                                                                                                                                           
15                                                                                                                                                                                                      
0.01, 0.01, 0.01, 0.01, 0.01, 0.001, 0.01, 0.01, 0.00001, 0.00001, 0.1, 0.01, 0.01, 0.01, 0.01                                                                                                          
-99999, -9999, -9999, -99999, -99999, -99999, -9999, -999, -9999999, -99999999, -99999, -9999, -9999, -9999, -9999                                                                                      
P, hPa, Static Pressure                                                                                                                                                                                 
T, K, Static Temperature                                                                                                                                                                                
TAS, m/s, True Air Speed                                                                                                                                                                                
U, m/s, E-W Horizontal Wind Speed                                                                                                                                                                       
[...]
DM_CONTACT_INFO: Jon Dean-Day, Bay Area Environmental Research Institute, 596 First St.                                                                                                                 
West, Sonoma, CA, 95476; email: jonathan.m.dean-day@nasa.gov                                                                                                                                            
PROJECT_INFO: SEAC4RS mission August 1 - September 30, 2013; Houston, TX                                                                                                                                
OTHER_COMMENTS:                                                                                                                                                                                         
..\cv\e_130802.cva                                                                                                                                                                                      
REVISION: RA                                                                                                                                                                                            
RA: FIELD DATA                                                                                                                                                                                          
TIME_UTC, P, T, TAS, U, V, W, TEDR, REYN, G_LAT, G_LONG, G_ALT, POT, ROLL, HDG, PITCH                                                                                                                   
[from data line 17572]
 80971.700, 14648,21645,14401,  2072,  2010,  -344,-1131, 567, 3990145,-12072653,142094,37472,   24,11766,   25
 80972.700, 14649,21648,14409,  2067,  2012,  -266,-1195, 567, 3990105,-12072479,142094,37477,   24,11766,   27
 80973.700, 14647,21648,14425,  2055,  2020,  -165,-1112, 567, 3990064,-12072305,142094,37478,   27,11764,   28
 80974.700, 14647,21648,14424,  2058,  2021,   -59,-1148, 567, 3990024,-12072131,142094,37478,   35,11762,   29
 80975.700, 14646,21647,14417,  2063,  2015,   -17,-1110, 567, 3989983,-12071957,142095,37476,   52,11761,   29
 80976.700, 14643,21645,14413,  2067,  2013,   -94,-1117, 567, 3989942,-12071783,142096,37475,   50,11761,   28
 80977.700, 14641,21645,14402,  2077,  2005,  -170, -963, 567, 3989902,-12071609,142098,37476,   48,11763,   28
 80978.700, 14640,21647,14404,  2073,  1999,  -274,-1144, 567, 3989861,-12071434,142100,37481,   46,11764,   25
 80979.700, 14639,21648,14407,  2070,  2001,  -305,-1138, 567, 3989821,-12071260,142103,37484,   44,11764,   23
 80980.700, 14637,21649,14421,  2060,  2009,  -241,-1009, 567, 3989780,-12071086,142106,37486,   34,11763,   21
 80981.700, 14639,21650,14426,  2061,  2017,  -240, -894, 567, 3989739,-12070912,142108,37487,   27,11763,   18
 80982.700, 14640,21650,14432,  2057,  2018,  -140, -762, 567, 3989699,-12070739,142110,37486,   37,11765,   19
 80983.700, 14638,21648,14430,  2064,  2019,   -37, -869, 567, 3989658,-12070565,142112,37484,   26,11764,   15
 80984.700, 14639,21648,14423,  2072,  2013,   -47, -806, 567, 3989617,-12070391,142114,37484,   19,11765,   17
 80985.700, 14639,21646,14452,  2047,  2027,    -3,-1307, 567, 3989576,-12070217,142115,37481,   45,11763,   20
 80986.700, 14637,21646,14455,  2048,  2031,    18,-1047, 567, 3989536,-12070043,142118,37481,   56,11763,   14
 80987.700, 14635,21644,14471,  2038,  2042,    31,-1296, 567, 3989495,-12069868,142122,37480,   47,11765,   11
 80988.700, 14634,21643,14472,  2043,  2045,    55,-1124, 567, 3989455,-12069694,142125,37478,   43,11771,   13
 80989.700, 14634,21643,14466,  2049,  2037,    62,-1181, 567, 3989414,-12069519,142128,37479,   45,11772,   12
 80990.700, 14632,21642,14471,  2049,  2042,     1,-1206, 567, 3989373,-12069345,142132,37478,   38,11773,   10
 80991.700, 14632,21645,14473,  2049,  2037,    11,-1173, 567, 3989332,-12069171,142136,37485,   31,11774,    9
 80992.700, 14632,21649,14478,  2044,  2035,   -49,-1194, 567, 3989291,-12068997,142139,37490,   27,11773,    9
 80993.700, 14632,21652,14475,  2050,  2031,   -91,-1269, 567, 3989251,-12068823,142142,37495,   25,11771,   10
 80994.700, 14632,21655,14480,  2046,  2025,   -94,-1098, 567, 3989210,-12068648,142145,37502,   24,11768,   10
 80995.700, 14631,21656,14488,  2043,  2032,  -126,-1168, 567, 3989169,-12068474,142148,37503,   25,11765,    9
 80996.700, 14631,21657,14493,  2042,  2034,  -127,-1127, 567, 3989129,-12068299,142151,37506,   45,11764,   12
 80997.700, 14631,21657,14495,  2043,  2035,  -144,-1317, 567, 3989088,-12068125,142153,37506,   52,11764,   10
 80998.700, 14630,21657,14501,  2043,  2044,  -231,-1239, 567, 3989047,-12067951,142155,37505,   49,11766,    6
 80999.700, 14631,21656,14503,  2044,  2044,  -235,-1269, 567, 3989007,-12067776,142157,37504,   43,11770,    5
 81000.700, 14629,21656,14508,  2042,  2042,  -292,-1125, 567, 3988966,-12067601,142159,37505,   42,11771,    3
 81001.700, 14629,21657,14520,  2035,  2047,  -374,-1398, 567, 3988925,-12067427,142160,37507,   38,11770,    1
 81002.700, 14631,21659,14521,  2038,  2048,  -368,-1097, 567, 3988884,-12067252,142161,37508,   33,11770,    0
 81003.700, 14632,21661,14523,  2040,  2048,  -324,-1056, 567, 3988843,-12067077,142162,37511,   29,11772,   -1
 81004.700, 14633,21662,14524,  2043,  2042,  -278,-1329, 567, 3988802,-12066903,142163,37512,   25,11773,   -1
 81005.700, 14634,21663,14512,  2054,  2028,  -207,-1131, 567, 3988761,-12066728,142163,37514,   24,11771,   -1
 81006.700, 14634,21664,14507,  2063,  2021,  -181,-1130, 567, 3988720,-12066553,142164,37515,   27,11768,   -1
 81007.700, 14635,21666,14496,  2078,  2016,  -136,-1128, 567, 3988680,-12066378,142163,37517,   39,11766,    2
 81008.700, 14635,21666,14507,  2076,  2028,   -91,-1191, 567, 3988639,-12066204,142163,37518,   50,11766,    1
 81009.700, 14636,21666,14521,  2071,  2039,   -95, -864, 567, 3988598,-12066029,142163,37516,   48,11770,   -2
 81010.700, 14636,21665,14539,  2059,  2047,   -99,-1134, 567, 3988557,-12065853,142162,37516,   45,11772,   -2
 81011.700, 14635,21665,14554,  2046,  2046,  -128,-1107, 567, 3988516,-12065679,142162,37516,   39,11772,    0
 81012.700, 14636,21666,14554,  2050,  2044,  -117,-1149, 567, 3988475,-12065503,142162,37516,   35,11770,    3
 81013.700, 14636,21666,14555,  2053,  2044,   -84,-1388, 567, 3988434,-12065329,142161,37517,   33,11769,    4
 81014.700, 14635,21666,14557,  2055,  2045,   -43,-1120, 567, 3988393,-12065153,142161,37517,   30,11770,    5
 81015.700, 14635,21666,14561,  2053,  2041,   -37,-1061, 567, 3988352,-12064978,142161,37518,   29,11770,    6
 81016.700, 14635,21667,14563,  2050,  2035,    -8,-1235, 567, 3988311,-12064803,142162,37520,   26,11769,    7
 81017.700, 14634,21670,14564,  2049,  2031,   -32,-1427, 567, 3988270,-12064627,142162,37525,   25,11767,    9
 81018.700, 14636,21673,14559,  2054,  2025,    18,-1346, 567, 3988229,-12064453,142162,37529,   41,11762,   13
 81019.700, 14634,21674,14563,  2055,  2030,    32,-1149, 567, 3988188,-12064277,142163,37532,   52,11761,    9
 81020.700, 14632,21676,14561,  2065,  2037,   -25,-1132, 567, 3988147,-12064102,142164,37538,   47,11766,    6
 81021.700, 14631,21676,14569,  2062,  2043,    11,-1206, 567, 3988105,-12063926,142165,37539,   48,11770,    5
 81022.700, 14631,21677,14569,  2065,  2042,    -9,-1173, 567, 3988064,-12063751,142167,37540,   44,11770,    3
 81023.700, 14632,21678,14566,  2069,  2039,    -7,-1241, 567, 3988023,-12063576,142167,37540,   40,11770,    3
 81024.700, 14630,21676,14573,  2065,  2040,   -22,-1396, 567, 3987982,-12063401,142169,37539,   33,11769,   -1
 81025.700, 14630,21677,14573,  2070,  2041,   -65,-1286, 567, 3987941,-12063225,142170,37540,   27,11770,   -3
 81026.700, 14629,21677,14575,  2072,  2040,   -66,-1136, 567, 3987900,-12063050,142171,37541,   25,11771,   -4
 81027.700, 14629,21678,14573,  2078,  2038,   -92,-1157, 567, 3987859,-12062874,142172,37543,   27,11772,   -7
 81028.700, 14630,21679,14580,  2076,  2042,  -210,-1379, 567, 3987817,-12062699,142172,37544,   26,11771,  -10
 81029.700, 14631,21680,14585,  2077,  2046,  -177,-1193, 567, 3987777,-12062522,142173,37545,   40,11772,   -7
 81030.700, 14631,21681,14588,  2080,  2045,  -142,-1191, 567, 3987735,-12062347,142173,37546,   52,11771,   -9
 81031.700, 14632,21681,14590,  2083,  2047,  -166,-1107, 567, 3987694,-12062171,142173,37546,   47,11771,  -10
 81032.700, 14632,21681,14594,  2085,  2049,  -193,-1174, 567, 3987653,-12061996,142172,37547,   39,11775,  -10
 81033.700, 14631,21681,14602,  2082,  2051,  -243,-1184, 567, 3987612,-12061820,142172,37547,   38,11777,  -10
 81034.700, 14632,21682,14600,  2087,  2046,  -256,-1231, 567, 3987571,-12061644,142171,37548,   34,11779,   -8
 81035.700, 14633,21682,14603,  2088,  2043,  -258,-1194, 567, 3987529,-12061468,142172,37547,   30,11780,   -7
 81036.700, 14634,21682,14608,  2088,  2045,  -235,-1205, 567, 3987488,-12061292,142172,37546,   29,11779,   -6
 81037.700, 14635,21682,14610,  2092,  2047,  -205,-1207, 567, 3987447,-12061116,142173,37545,   25,11777,   -6
 81038.700, 14635,21681,14612,  2096,  2051,  -171,-1254, 568, 3987405,-12060939,142173,37544,   19,11776,   -6
 81039.700, 14635,21680,14613,  2100,  2054,  -187,-1138, 568, 3987364,-12060764,142174,37543,   16,11775,   -5
 81040.700, 14636,21680,14617,  2100,  2052,  -127,-1324, 568, 3987325,-12060585,142173,37541,   39,11774,    0
 81041.700, 14635,21679,14621,  2100,  2053,   -72,-1154, 568, 3987288,-12060424,142173,37540,   50,11773,   -3
 81042.700, 14635,21679,14620,  2107,  2056,  -122,-1291, 568, 3987251,-12060264,142173,37540,   48,11776,   -7
 81043.700, 14634,21679,14625,  2106,  2054,  -120,-1244, 568, 3987214,-12060104,142173,37541,   43,11779,   -8
 81044.700, 14633,21679,14629,  2106,  2055,  -143, -992, 568, 3987177,-12059944,142174,37541,   39,11780,   -7
 81045.700, 14634,21680,14629,  2110,  2056,  -129,-1128, 568, 3987100,-12059652,142173,37542,   33,11780,   -7
 81046.700, 14633,21679,14637,  2106,  2060,  -141,-1221, 568, 3987072,-12059511,142170,37542,   26,11780,   -6
 81047.700, 14634,21678,14641,  2106,  2060,  -111,-1127, 568, 3987032,-12059343,142167,37539,   23,11781,   -5
 81048.700, 14633,21677,14644,  2110,  2064,  -113,-1333, 568, 3986992,-12059170,142165,37538,   24,11781,   -6
 81049.700, 14634,21676,14647,  2113,  2066,   -62,-1132, 568, 3986950,-12058995,142162,37537,   21,11781,   -7
 81050.700, 14634,21674,14646,  2117,  2061,   -65,-1323, 568, 3986909,-12058820,142159,37533,   23,11781,   -7
 81051.700, 14634,21674,14648,  2120,  2063,  -105,-1187, 568, 3986867,-12058644,142158,37532,   41,11780,   -3
 81052.700, 14633,21669,14656,  2119,  2069,    -9,-1119, 568, 3986826,-12058467,142156,37524,   51,11778,   -5
 81053.700, 14631,21667,14662,  2120,  2075,  -133,-1190, 568, 3986784,-12058291,142154,37521,   46,11780,   -6
 81054.700, 14631,21661,14668,  2122,  2086,   -91, -995, 568, 3986743,-12058115,142153,37513,   40,11785,   -4
 81055.700, 14632,21655,14654,  2145,  2094,  -113,-1038, 569, 3986701,-12057939,142152,37502,   35,11788,   -3
 81056.700, 14631,21658,14651,  2149,  2087,  -183,-1136, 569, 3986660,-12057762,142151,37507,   36,11791,   -3
 81057.700, 14632,21656,14652,  2151,  2085,  -126, -945, 569, 3986618,-12057585,142150,37503,   37,11792,   -3
 81058.700, 14632,21657,14651,  2155,  2083,  -199,-1144, 569, 3986577,-12057408,142150,37505,   35,11793,   -4
 81059.700, 14631,21663,14649,  2153,  2071,  -200, -964, 568, 3986535,-12057231,142149,37516,   30,11793,   -4
 81060.700, 14632,21668,14643,  2154,  2053,  -203,-1007, 568, 3986494,-12057055,142147,37523,   26,11790,   -6
 81061.700, 14632,21670,14640,  2157,  2047,  -315,-1288, 568, 3986452,-12056878,142146,37527,   23,11786,   -5
 81062.700, 14633,21672,14636,  2164,  2045,  -231,-1106, 568, 3986411,-12056701,142145,37529,   41,11781,    0
 81063.700, 14633,21672,14636,  2168,  2045,  -194,-1109, 568, 3986369,-12056524,142144,37530,   49,11781,   -4
 81064.700, 14634,21674,14634,  2175,  2045,  -257,-1120, 568, 3986327,-12056347,142143,37532,   47,11783,   -7
 81065.700, 14634,21674,14635,  2177,  2043,  -244,-1162, 568, 3986286,-12056170,142142,37532,   42,11785,   -8
 81066.700, 14633,21674,14635,  2179,  2040,  -249,-1233, 568, 3986244,-12055993,142140,37534,   41,11785,  -10
 81067.700, 14634,21674,14637,  2181,  2036,  -217,-1151, 568, 3986203,-12055815,142138,37533,   37,11784,  -11
 81068.700, 14634,21674,14640,  2182,  2034,  -228, -948, 568, 3986161,-12055638,142137,37533,   36,11784,  -13
 81069.700, 14635,21674,14646,  2181,  2032,  -229,-1155, 568, 3986119,-12055461,142135,37532,   28,11783,  -15
 81070.700, 14636,21673,14651,  2182,  2033,  -255,-1253, 568, 3986078,-12055284,142133,37529,   25,11782,  -15
 81071.700, 14638,21672,14654,  2186,  2035,  -241,-1047, 568, 3986036,-12055107,142131,37526,   24,11781,  -14
 81072.700, 14639,21671,14664,  2183,  2042,  -269,-1187, 568, 3985994,-12054929,142128,37524,   23,11781,  -14
 81073.700, 14641,21670,14667,  2183,  2043,  -275,-1504, 568, 3985952,-12054752,142125,37520,   41,11780,   -9
 81074.700, 14640,21667,14680,  2175,  2046,  -226, -933, 568, 3985911,-12054574,142122,37517,   54,11780,   -8
 81075.700, 14640,21667,14691,  2169,  2051,  -223, -884, 568, 3985869,-12054396,142119,37516,   52,11781,   -8
 81076.700, 14640,21670,14684,  2180,  2048,  -208, -989, 568, 3985827,-12054219,142117,37521,   46,11784,   -7
 81077.700, 14641,21673,14674,  2190,  2041,  -236,-1133, 568, 3985786,-12054042,142114,37526,   40,11785,   -6
 81078.700, 14641,21674,14677,  2188,  2035,  -214,-1119, 568, 3985744,-12053864,142111,37527,   34,11786,   -5
 81079.700, 14641,21674,14676,  2189,  2027,  -179,-1201, 568, 3985702,-12053686,142109,37528,   31,11784,   -5
 81080.700, 14641,21674,14678,  2192,  2028,  -160,-1279, 568, 3985660,-12053508,142107,37527,   28,11781,   -5
 81081.700, 14642,21673,14675,  2198,  2026,  -137,-1109, 568, 3985618,-12053331,142105,37525,   19,11780,   -5
 81082.700, 14642,21672,14681,  2196,  2025,   -92,-1126, 568, 3985576,-12053152,142104,37523,   21,11779,   -3
 81083.700, 14641,21672,14677,  2200,  2018,   -96,-1171, 568, 3985534,-12052974,142102,37523,   26,11779,   -2
 81084.700, 14641,21670,14682,  2197,  2016,  -111,-1476, 568, 3985493,-12052796,142101,37521,   41,11776,    3
 81085.700, 14640,21667,14692,  2194,  2027,  -109,-1086, 568, 3985451,-12052619,142100,37516,   50,11772,    3
 81086.700, 14639,21664,14700,  2194,  2044,  -180, -996, 569, 3985409,-12052440,142098,37511,   45,11773,    1
 81087.700, 14637,21662,14711,  2187,  2049,  -217,-1001, 569, 3985367,-12052262,142098,37509,   39,11777,    1
 81088.700, 14639,21662,14705,  2192,  2043,  -238, -908, 569, 3985325,-12052085,142098,37509,   40,11779,    2
 81089.700, 14638,21663,14700,  2195,  2038,  -247,-1275, 569, 3985283,-12051906,142097,37511,   39,11778,    3
 81090.700, 14638,21664,14704,  2189,  2031,  -255,-1021, 568, 3985241,-12051728,142098,37512,   38,11779,    2
 81091.700, 14639,21666,14701,  2190,  2022,  -243,-1451, 568, 3985199,-12051550,142098,37515,   36,11778,    2
 81092.700, 14638,21667,14699,  2193,  2021,  -231,-1126, 568, 3985157,-12051372,142098,37517,   32,11776,    1
 81093.700, 14637,21666,14706,  2190,  2025,  -213,-1101, 568, 3985115,-12051194,142099,37515,   29,11776,    0
 81094.700, 14636,21664,14709,  2189,  2026,  -245,-1295, 568, 3985073,-12051016,142100,37514,   24,11775,   -1
 81095.700, 14639,21663,14705,  2196,  2027,  -186,-1178, 568, 3985031,-12050837,142100,37509,   43,11774,    3
 81096.700, 14637,21661,14705,  2197,  2026,  -152,-1231, 568, 3984989,-12050659,142100,37508,   52,11773,    0
 81097.700, 14636,21660,14702,  2203,  2024,  -177,-1095, 568, 3984947,-12050481,142101,37507,   48,11774,   -5
 81098.700, 14636,21661,14701,  2207,  2021,  -121,-1171, 568, 3984905,-12050302,142102,37507,   43,11776,   -8
 81099.700, 14636,21661,14704,  2206,  2016,  -117,-1270, 568, 3984864,-12050125,142103,37508,   40,11776,  -10
 81100.700, 14636,21662,14708,  2204,  2013,   -89, -944, 568, 3984821,-12049946,142103,37509,   39,11773,  -11
 81101.700, 14636,21661,14717,  2198,  2015,  -110,-1144, 568, 3984779,-12049768,142104,37509,   35,11772,  -13
 81102.700, 14637,21661,14726,  2194,  2016,  -153,-1378, 568, 3984737,-12049589,142105,37507,   30,11771,  -15
 81103.700, 14637,21660,14735,  2188,  2017,  -220,-1074, 568, 3984696,-12049411,142105,37506,   28,11771,  -15
 81104.700, 14637,21659,14743,  2183,  2020,  -250,-1179, 568, 3984654,-12049233,142105,37504,   26,11771,  -15
 81105.700, 14639,21655,14756,  2176,  2026,  -336,-1387, 568, 3984612,-12049054,142105,37496,   26,11771,  -15
 81106.700, 14640,21649,14774,  2169,  2045,  -365,-1145, 568, 3984570,-12048876,142104,37485,   40,11771,  -11
 81107.700, 14640,21645,14788,  2165,  2062,  -330,-1137, 568, 3984528,-12048697,142104,37478,   50,11771,   -8
 81108.700, 14639,21639,14812,  2152,  2083,  -363,-1350, 569, 3984486,-12048518,142103,37468,   46,11777,   -9
 81109.700, 14639,21632,14830,  2144,  2101,  -366,-1191, 569, 3984443,-12048339,142102,37456,   43,11782,   -8
 81110.700, 14639,21628,14848,  2131,  2114,  -349,-1088, 569, 3984401,-12048161,142102,37449,   41,11789,   -5
 81111.700, 14640,21628,14848,  2131,  2112,  -302,-1099, 569, 3984359,-12047982,142101,37449,   41,11792,   -2
 81112.700, 14638,21628,14853,  2124,  2109,  -305, -957, 569, 3984317,-12047804,142101,37450,   38,11793,    1
