flight/ER2/SEAC4RS-MMS-1HZ_ER2_20130821_RA.ict
49, 1001                                                                                                                                                                                                
Bui, T. Paul                                                                                                                                                                                            
NASA Ames Research Center                                                                                                                                                                               
MMS - Meteorological Measurement System                                                                                                                                                                 
SEAC4RS                                                                                                                                                                                                 
1, 1                                                                                                                                                                                                    
2013, 08, 21, 2013, 08, 21                                                                                                                                                                              
-1                                                                                                                                                                                                      
TIME_UTC, seconds, elapsed time from 0000 UTC                                                                                                                                                           
15                                                                                                                                                                                                      
0.01, 0.01, 0.01, 0.01, 0.01, 0.001, 0.01, 0.01, 0.00001, 0.00001, 0.1, 0.01, 0.01, 0.01, 0.01                                                                                                          
-99999, -9999, -9999, -99999, -99999, -99999, -9999, -999, -9999999, -99999999, -99999, -9999, -9999, -9999, -9999                                                                                      
P, hPa, Static Pressure                                                                                                                                                                                 
T, K, Static Temperature                                                                                                                                                                                
TAS, m/s, True Air Speed                                                                                                                                                                                
U, m/s, E-W Horizontal Wind Speed                                                                                                                                                                       
[...]
DM_CONTACT_INFO: Jon Dean-Day, Bay Area Environmental Research Institute, 596 First St.                                                                                                                 
West, Sonoma, CA, 95476; email: jonathan.m.dean-day@nasa.gov                                                                                                                                            
PROJECT_INFO: SEAC4RS mission August 1 - September 30, 2013; Houston, TX                                                                                                                                
OTHER_COMMENTS:                                                                                                                                                                                         
..\cv\e_130821.cva                                                                                                                                                                                      
REVISION: RA                                                                                                                                                                                            
RA: Preliminary FIELD DATA, Not funded for 3D Winds                                                                                                                                                     
TIME_UTC, P, T, TAS, U, V, W, TEDR, REYN, G_LAT, G_LONG, G_ALT, POT, ROLL, HDG, PITCH                                                                                                                   
[from data line 10143]
 64793.950,  6937,20896,20425,-99999,-99999,-99999,-9999,-999, 3397538, -8756954,189102,44788,-1967, 5372,   23
 64794.950,  6940,20898,20433,-99999,-99999,-99999,-9999,-999, 3397645, -8756781,189102,44786,-1963, 5277,   14
 64795.950,  6947,20901,20427,-99999,-99999,-99999,-9999,-999, 3397755, -8756611,189098,44780,-1961, 5181,   12
 64796.950,  6953,20904,20426,-99999,-99999,-99999,-9999,-999, 3397867, -8756443,189090,44774,-1958, 5045,   19
 64797.950,  6958,20904,20429,-99999,-99999,-99999,-9999,-999, 3397981, -8756277,189080,44766,-1958, 4923,   29
 64798.950,  6965,20909,20413,-99999,-99999,-99999,-9999,-999, 3398098, -8756113,189066,44763,-1961, 4808,   42
 64799.950,  6969,20909,20413,-99999,-99999,-99999,-9999,-999, 3398217, -8755951,189051,44757,-1962, 4681,   55
 64800.950,  6971,20910,20409,-99999,-99999,-99999,-9999,-999, 3398338, -8755792,189038,44754,-1959, 4565,   70
 64801.950,  6974,20912,20398,-99999,-99999,-99999,-9999,-999, 3398463, -8755635,189023,44753,-1958, 4469,   82
 64802.950,  6973,20909,20398,-99999,-99999,-99999,-9999,-999, 3398589, -8755481,189009,44750,-1958, 4339,   95
 64803.950,  6972,20911,20388,-99999,-99999,-99999,-9999,-999, 3398719, -8755330,188998,44755,-1956, 4248,  103
 64804.950,  6970,20910,20384,-99999,-99999,-99999,-9999,-999, 3398850, -8755182,188989,44758,-1948, 4129,  114
 64805.950,  6968,20912,20382,-99999,-99999,-99999,-9999,-999, 3398984, -8755036,188985,44765,-1944, 4047,  118
 64806.950,  6965,20914,20377,-99999,-99999,-99999,-9999,-999, 3399120, -8754894,188981,44776,-1944, 3930,  123
 64807.950,  6962,20915,20364,-99999,-99999,-99999,-9999,-999, 3399259, -8754754,188981,44782,-1942, 3849,  124
 64808.950,  6957,20915,20361,-99999,-99999,-99999,-9999,-999, 3399400, -8754618,188987,44790,-1938, 3729,  117
 64809.950,  6952,20914,20357,-99999,-99999,-99999,-9999,-999, 3399542, -8754485,188990,44798,-1940, 3649,  110
 64810.950,  6949,20917,20355,-99999,-99999,-99999,-9999,-999, 3399686, -8754354,188997,44811,-1943, 3572,  103
 64811.950,  6948,20920,20343,-99999,-99999,-99999,-9999,-999, 3399832, -8754227,189005,44820,-1939, 3461,   98
 64812.950,  6948,20921,20328,-99999,-99999,-99999,-9999,-999, 3399980, -8754103,189014,44820,-1934, 3366,   90
 64813.950,  6945,20916,20333,-99999,-99999,-99999,-9999,-999, 3400130, -8753982,189023,44816,-1931, 3277,   82
 64814.950,  6945,20915,20324,-99999,-99999,-99999,-9999,-999, 3400281, -8753865,189033,44814,-1930, 3198,   78
 64815.950,  6944,20914,20321,-99999,-99999,-99999,-9999,-999, 3400434, -8753749,189042,44813,-1930, 3087,   70
 64816.950,  6943,20908,20328,-99999,-99999,-99999,-9999,-999, 3400588, -8753638,189046,44802,-1929, 2991,   65
 64817.950,  6943,20907,20328,-99999,-99999,-99999,-9999,-999, 3400744, -8753530,189050,44800,-1926, 2902,   59
 64818.950,  6945,20905,20323,-99999,-99999,-99999,-9999,-999, 3400901, -8753424,189057,44793,-1928, 2791,   55
 64819.950,  6946,20904,20316,-99999,-99999,-99999,-9999,-999, 3401060, -8753322,189063,44789,-1934, 2711,   55
 64820.950,  6946,20903,20313,-99999,-99999,-99999,-9999,-999, 3401220, -8753223,189065,44786,-1936, 2600,   56
 64821.950,  6948,20901,20312,-99999,-99999,-99999,-9999,-999, 3401382, -8753128,189070,44778,-1938, 2499,   57
 64822.950,  6950,20900,20305,-99999,-99999,-99999,-9999,-999, 3401545, -8753035,189074,44773,-1939, 2402,   59
 64823.950,  6952,20899,20298,-99999,-99999,-99999,-9999,-999, 3401709, -8752946,189075,44767,-1940, 2284,   65
 64824.950,  6952,20897,20295,-99999,-99999,-99999,-9999,-999, 3401875, -8752860,189078,44762,-1933, 2202,   68
 64825.950,  6953,20894,20294,-99999,-99999,-99999,-9999,-999, 3402042, -8752777,189079,44753,-1930, 2081,   71
 64826.950,  6953,20891,20300,-99999,-99999,-99999,-9999,-999, 3402210, -8752699,189080,44746,-1933, 1996,   74
 64827.950,  6954,20889,20298,-99999,-99999,-99999,-9999,-999, 3402380, -8752623,189082,44743,-1937, 1881,   80
 64828.950,  6954,20886,20301,-99999,-99999,-99999,-9999,-999, 3402550, -8752551,189083,44735,-1937, 1779,   82
 64829.950,  6953,20883,20299,-99999,-99999,-99999,-9999,-999, 3402722, -8752484,189082,44731,-1935, 1684,   83
 64830.950,  6953,20881,20294,-99999,-99999,-99999,-9999,-999, 3402894, -8752419,189082,44725,-1935, 1566,   86
 64831.950,  6953,20880,20285,-99999,-99999,-99999,-9999,-999, 3403068, -8752358,189084,44723,-1939, 1478,   89
 64832.950,  6954,20879,20274,-99999,-99999,-99999,-9999,-999, 3403242, -8752300,189085,44719,-1818, 1350,   95
 64833.950,  6957,20880,20246,-99999,-99999,-99999,-9999,-999, 3403417, -8752246,189086,44717,-1522, 1255,   97
 64834.950,  6956,20879,20240,-99999,-99999,-99999,-9999,-999, 3403593, -8752196,189085,44715, -933, 1134,   91
 64835.950,  6953,20877,20229,-99999,-99999,-99999,-9999,-999, 3403770, -8752149,189088,44718, -471, 1063,   91
 64836.950,  6950,20877,20218,-99999,-99999,-99999,-9999,-999, 3403947, -8752106,189093,44721,  182,  990,   89
 64837.950,  6944,20873,20221,-99999,-99999,-99999,-9999,-999, 3404125, -8752065,189101,44726,  468,  969,   80
 64838.950,  6938,20873,20209,-99999,-99999,-99999,-9999,-999, 3404303, -8752027,189111,44735,  527,  977,   61
 64839.950,  6935,20872,20195,-99999,-99999,-99999,-9999,-999, 3404482, -8751989,189127,44740,  492, 1009,   45
 64840.950,  6933,20872,20187,-99999,-99999,-99999,-9999,-999, 3404659, -8751952,189136,44745,  454, 1047,   32
 64841.950,  6932,20874,20177,-99999,-99999,-99999,-9999,-999, 3404838, -8751914,189150,44750,  406, 1103,   18
 64842.950,  6931,20875,20177,-99999,-99999,-99999,-9999,-999, 3405015, -8751874,189165,44753,  377, 1157,    4
 64843.950,  6929,20876,20180,-99999,-99999,-99999,-9999,-999, 3405192, -8751834,189176,44760,  353, 1210,  -10
 64844.950,  6929,20881,20184,-99999,-99999,-99999,-9999,-999, 3405370, -8751793,189187,44770,  327, 1263,  -23
 64845.950,  6930,20888,20179,-99999,-99999,-99999,-9999,-999, 3405546, -8751752,189195,44784,  300, 1312,  -34
 64846.950,  6932,20890,20183,-99999,-99999,-99999,-9999,-999, 3405723, -8751710,189201,44784,  277, 1349,  -40
 64847.950,  6932,20891,20195,-99999,-99999,-99999,-9999,-999, 3405900, -8751668,189205,44787,  251, 1391,  -45
 64848.950,  6936,20896,20189,-99999,-99999,-99999,-9999,-999, 3406077, -8751625,189205,44789,  229, 1420,  -43
 64849.950,  6939,20900,20195,-99999,-99999,-99999,-9999,-999, 3406254, -8751582,189203,44793,  209, 1441,  -37
 64850.950,  6942,20900,20198,-99999,-99999,-99999,-9999,-999, 3406431, -8751538,189199,44785,  185, 1457,  -29
 64851.950,  6944,20901,20209,-99999,-99999,-99999,-9999,-999, 3406607, -8751494,189195,44785,  161, 1469,  -21
 64852.950,  6946,20904,20213,-99999,-99999,-99999,-9999,-999, 3406784, -8751450,189188,44788,  128, 1479,  -12
 64853.950,  6946,20903,20224,-99999,-99999,-99999,-9999,-999, 3406961, -8751405,189182,44786,  113, 1482,   -7
 64854.950,  6946,20905,20226,-99999,-99999,-99999,-9999,-999, 3407138, -8751360,189175,44790,  100, 1484,   -1
 64855.950,  6946,20904,20233,-99999,-99999,-99999,-9999,-999, 3407314, -8751315,189169,44788,   88, 1484,    0
 64856.950,  6946,20903,20247,-99999,-99999,-99999,-9999,-999, 3407491, -8751269,189164,44785,   80, 1483,    0
 64857.950,  6946,20903,20252,-99999,-99999,-99999,-9999,-999, 3407668, -8751223,189159,44787,   73, 1481,   -2
 64858.950,  6945,20904,20257,-99999,-99999,-99999,-9999,-999, 3407845, -8751177,189154,44790,   67, 1478,   -5
 64859.950,  6946,20906,20251,-99999,-99999,-99999,-9999,-999, 3408022, -8751131,189149,44793,   58, 1476,   -5
 64860.950,  6947,20908,20252,-99999,-99999,-99999,-9999,-999, 3408200, -8751085,189144,44795,   54, 1473,   -5
 64861.950,  6947,20909,20254,-99999,-99999,-99999,-9999,-999, 3408377, -8751039,189138,44799,   55, 1472,   -6
 64862.950,  6948,20911,20257,-99999,-99999,-99999,-9999,-999, 3408554, -8750993,189134,44801,   53, 1472,   -8
 64863.950,  6947,20911,20266,-99999,-99999,-99999,-9999,-999, 3408731, -8750946,189128,44801,   52, 1473,  -10
 64864.950,  6948,20911,20273,-99999,-99999,-99999,-9999,-999, 3408908, -8750900,189125,44799,   49, 1473,  -10
 64865.950,  6949,20910,20283,-99999,-99999,-99999,-9999,-999, 3409085, -8750853,189119,44797,   45, 1473,  -10
 64866.950,  6948,20909,20294,-99999,-99999,-99999,-9999,-999, 3409263, -8750807,189112,44795,   43, 1473,  -11
 64867.950,  6950,20909,20296,-99999,-99999,-99999,-9999,-999, 3409440, -8750760,189106,44792,   43, 1472,  -11
 64868.950,  6950,20908,20303,-99999,-99999,-99999,-9999,-999, 3409617, -8750713,189100,44790,   41, 1472,  -11
 64869.950,  6949,20906,20316,-99999,-99999,-99999,-9999,-999, 3409794, -8750666,189094,44787,   38, 1472,  -11
 64870.950,  6948,20906,20322,-99999,-99999,-99999,-9999,-999, 3409972, -8750620,189088,44788,   38, 1473,  -11
 64871.950,  6949,20904,20332,-99999,-99999,-99999,-9999,-999, 3410149, -8750572,189083,44783,   37, 1473,  -12
 64872.950,  6949,20905,20334,-99999,-99999,-99999,-9999,-999, 3410326, -8750526,189078,44783,   36, 1473,  -13
 64873.950,  6949,20904,20343,-99999,-99999,-99999,-9999,-999, 3410504, -8750479,189073,44782,   34, 1472,  -11
 64874.950,  6950,20906,20343,-99999,-99999,-99999,-9999,-999, 3410682, -8750432,189067,44785,   38, 1473,  -11
 64875.950,  6950,20906,20347,-99999,-99999,-99999,-9999,-999, 3410859, -8750386,189061,44786,   40, 1473,  -14
 64876.950,  6949,20906,20353,-99999,-99999,-99999,-9999,-999, 3411037, -8750338,189056,44785,   35, 1476,  -17
 64877.950,  6950,20906,20354,-99999,-99999,-99999,-9999,-999, 3411214, -8750292,189051,44785,   31, 1477,  -16
 64878.950,  6952,20907,20351,-99999,-99999,-99999,-9999,-999, 3411392, -8750244,189045,44784,   33, 1479,  -15
 64879.950,  6952,20906,20357,-99999,-99999,-99999,-9999,-999, 3411570, -8750198,189039,44783,   35, 1480,  -13
 64880.950,  6953,20908,20350,-99999,-99999,-99999,-9999,-999, 3411747, -8750151,189034,44784,   36, 1480,  -10
 64881.950,  6953,20907,20350,-99999,-99999,-99999,-9999,-999, 3411925, -8750103,189028,44782,   32, 1480,   -7
 64882.950,  6956,20909,20334,-99999,-99999,-99999,-9999,-999, 3412103, -8750057,189023,44782,   29, 1480,   -3
 64883.950,  6955,20908,20339,-99999,-99999,-99999,-9999,-999, 3412281, -8750009,189019,44779,   28, 1478,   -1
 64884.950,  6955,20905,20344,-99999,-99999,-99999,-9999,-999, 3412459, -8749962,189014,44773,   27, 1477,    2
 64885.950,  6956,20905,20343,-99999,-99999,-99999,-9999,-999, 3412637, -8749916,189008,44771,   30, 1476,    3
 64886.950,  6954,20903,20348,-99999,-99999,-99999,-9999,-999, 3412814, -8749868,189003,44772,   31, 1476,    4
 64887.950,  6954,20904,20348,-99999,-99999,-99999,-9999,-999, 3412993, -8749821,189000,44772,   28, 1477,    5
 64888.950,  6953,20905,20348,-99999,-99999,-99999,-9999,-999, 3413171, -8749774,188997,44777,   24, 1479,    5
 64889.950,  6953,20907,20344,-99999,-99999,-99999,-9999,-999, 3413349, -8749727,188992,44780,   21, 1482,    4
 64890.950,  6953,20908,20337,-99999,-99999,-99999,-9999,-999, 3413527, -8749680,188989,44783,   21, 1485,    2
 64891.950,  6953,20909,20335,-99999,-99999,-99999,-9999,-999, 3413705, -8749633,188986,44787,   24, 1487,   -1
 64892.950,  6954,20911,20329,-99999,-99999,-99999,-9999,-999, 3413883, -8749586,188983,44787,   27, 1489,   -2
 64893.950,  6954,20909,20329,-99999,-99999,-99999,-9999,-999, 3414061, -8749539,188980,44784,   29, 1491,   -4
 64894.950,  6955,20910,20328,-99999,-99999,-99999,-9999,-999, 3414239, -8749492,188976,44784,   28, 1492,   -4
 64895.950,  6955,20911,20326,-99999,-99999,-99999,-9999,-999, 3414417, -8749445,188972,44786,   26, 1493,   -4
 64896.950,  6957,20914,20315,-99999,-99999,-99999,-9999,-999, 3414595, -8749398,188969,44790,   24, 1494,   -3
 64897.950,  6956,20912,20324,-99999,-99999,-99999,-9999,-999, 3414773, -8749351,188967,44787,   24, 1495,   -1
 64898.950,  6957,20913,20323,-99999,-99999,-99999,-9999,-999, 3414951, -8749304,188964,44787,   23, 1495,    3
 64899.950,  6958,20914,20313,-99999,-99999,-99999,-9999,-999, 3415130, -8749257,188964,44787,   25, 1495,    5
 64900.950,  6959,20914,20312,-99999,-99999,-99999,-9999,-999, 3415308, -8749210,188960,44787,   26, 1494,    9
 64901.950,  6958,20916,20312,-99999,-99999,-99999,-9999,-999, 3415486, -8749163,188958,44791,   23, 1495,   11
 64902.950,  6957,20916,20312,-99999,-99999,-99999,-9999,-999, 3415664, -8749116,188956,44793,   22, 1496,   12
 64903.950,  6957,20917,20311,-99999,-99999,-99999,-9999,-999, 3415843, -8749069,188953,44795,   23, 1498,   12
 64904.950,  6957,20916,20320,-99999,-99999,-99999,-9999,-999, 3416021, -8749021,188950,44794,   25, 1499,   12
 64905.950,  6956,20916,20324,-99999,-99999,-99999,-9999,-999, 3416199, -8748975,188948,44794,   28, 1500,   13
 64906.950,  6954,20913,20342,-99999,-99999,-99999,-9999,-999, 3416378, -8748928,188945,44793,   28, 1499,   12
 64907.950,  6954,20912,20346,-99999,-99999,-99999,-9999,-999, 3416556, -8748882,188943,44791,   26, 1499,   12
 64908.950,  6954,20912,20354,-99999,-99999,-99999,-9999,-999, 3416735, -8748834,188941,44792,   24, 1496,   16
 64909.950,  6954,20911,20368,-99999,-99999,-99999,-9999,-999, 3416914, -8748788,188938,44789,   22, 1494,   18
 64910.950,  6953,20909,20371,-99999,-99999,-99999,-9999,-999, 3417093, -8748741,188936,44787,   21, 1492,   18
 64911.950,  6951,20908,20391,-99999,-99999,-99999,-9999,-999, 3417272, -8748694,188934,44788,   19, 1490,   18
 64912.950,  6951,20909,20405,-99999,-99999,-99999,-9999,-999, 3417450, -8748648,188933,44790,   19, 1488,   17
 64913.950,  6950,20907,20421,-99999,-99999,-99999,-9999,-999, 3417629, -8748601,188932,44787,   19, 1484,   14
 64914.950,  6948,20907,20433,-99999,-99999,-99999,-9999,-999, 3417808, -8748554,188936,44790,   17, 1482,   12
 64915.950,  6947,20904,20453,-99999,-99999,-99999,-9999,-999, 3417988, -8748507,188934,44787,   18, 1480,   10
 64916.950,  6945,20902,20468,-99999,-99999,-99999,-9999,-999, 3418167, -8748460,188937,44786,   22, 1478,    7
 64917.950,  6944,20899,20481,-99999,-99999,-99999,-9999,-999, 3418346, -8748413,188941,44780,   28, 1475,    4
 64918.950,  6944,20897,20496,-99999,-99999,-99999,-9999,-999, 3418525, -8748366,188942,44777,   28, 1471,    0
 64919.950,  6941,20892,20525,-99999,-99999,-99999,-9999,-999, 3418703, -8748319,188942,44770,   25, 1467,   -5
 64920.950,  6942,20889,20544,-99999,-99999,-99999,-9999,-999, 3418882, -8748273,188941,44764,   21, 1464,   -8
 64921.950,  6941,20888,20562,-99999,-99999,-99999,-9999,-999, 3419061, -8748226,188941,44763,   21, 1461,   -9
 64922.950,  6940,20885,20585,-99999,-99999,-99999,-9999,-999, 3419240, -8748179,188941,44758,   22, 1459,  -11
 64923.950,  6940,20885,20601,-99999,-99999,-99999,-9999,-999, 3419419, -8748133,188940,44759,   24, 1458,  -13
 64924.950,  6940,20885,20612,-99999,-99999,-99999,-9999,-999, 3419597, -8748085,188939,44759,   27, 1459,  -15
 64925.950,  6940,20888,20613,-99999,-99999,-99999,-9999,-999, 3419777, -8748039,188939,44765,   28, 1462,  -18
 64926.950,  6940,20890,20623,-99999,-99999,-99999,-9999,-999, 3419956, -8747991,188938,44768,   28, 1464,  -21
 64927.950,  6941,20892,20630,-99999,-99999,-99999,-9999,-999, 3420134, -8747945,188937,44772,   24, 1466,  -25
 64928.950,  6941,20894,20636,-99999,-99999,-99999,-9999,-999, 3420313, -8747898,188937,44777,   23, 1468,  -28
 64929.950,  6942,20893,20640,-99999,-99999,-99999,-9999,-999, 3420491, -8747851,188936,44774,   24, 1471,  -29
 64930.950,  6942,20895,20636,-99999,-99999,-99999,-9999,-999, 3420670, -8747804,188935,44776,   27, 1473,  -26
 64931.950,  6945,20899,20621,-99999,-99999,-99999,-9999,-999, 3420848, -8747757,188935,44778,   33, 1476,  -21
 64932.950,  6946,20900,20607,-99999,-99999,-99999,-9999,-999, 3421027, -8747710,188935,44779,   33, 1479,  -18
 64933.950,  6946,20902,20601,-99999,-99999,-99999,-9999,-999, 3421206, -8747663,188934,44785,   30, 1480,  -15
 64934.950,  6948,20909,20575,-99999,-99999,-99999,-9999,-999, 3421385, -8747617,188934,44794,   27, 1484,  -13
