flight/ER2/SEAC4RS-MMS-1HZ_ER2_20130812_RA.ict
49, 1001                                                                                                                                                                                                
Bui, T. Paul                                                                                                                                                                                            
NASA Ames Research Center                                                                                                                                                                               
MMS - Meteorological Measurement System                                                                                                                                                                 
SEAC4RS                                                                                                                                                                                                 
1, 1                                                                                                                                                                                                    
2013, 08, 12, 2013, 08, 12                                                                                                                                                                              
-1                                                                                                                                                                                                      
TIME_UTC, seconds, elapsed time from 0000 UTC                                                                                                                                                           
15                                                                                                                                                                                                      
0.01, 0.01, 0.01, 0.01, 0.01, 0.001, 0.01, 0.01, 0.00001, 0.00001, 0.1, 0.01, 0.01, 0.01, 0.01                                                                                                          
-99999, -9999, -9999, -99999, -99999, -99999, -9999, -999, -9999999, -99999999, -99999, -9999, -9999, -9999, -9999                                                                                      
P, hPa, Static Pressure                                                                                                                                                                                 
T, K, Static Temperature                                                                                                                                                                                
TAS, m/s, True Air Speed                                                                                                                                                                                
U, m/s, E-W Horizontal Wind Speed                                                                                                                                                                       
[...]
DM_CONTACT_INFO: Jon Dean-Day, Bay Area Environmental Research Institute, 596 First St.                                                                                                                 
West, Sonoma, CA, 95476; email: jonathan.m.dean-day@nasa.gov                                                                                                                                            
PROJECT_INFO: SEAC4RS mission August 1 - September 30, 2013; Houston, TX                                                                                                                                
OTHER_COMMENTS:                                                                                                                                                                                         
..\cv\e_130812.cva                                                                                                                                                                                      
REVISION: RA                                                                                                                                                                                            
RA: Preliminary FIELD DATA, Not funded for 3D Winds                                                                                                                                                     
TIME_UTC, P, T, TAS, U, V, W, TEDR, REYN, G_LAT, G_LONG, G_ALT, POT, ROLL, HDG, PITCH                                                                                                                   
[from data line 5715]
 52484.900,  7157,20679,20734,-99999,-99999,-99999,-9999,-999, 2856753, -8701740,186841,43929,   44, 3750,    4
 52485.900,  7157,20678,20740,-99999,-99999,-99999,-9999,-999, 2856773, -8701691,186841,43928,   45, 3750,    3
 52486.900,  7156,20679,20749,-99999,-99999,-99999,-9999,-999, 2856791, -8701647,186841,43930,   36, 3750,    1
 52487.900,  7157,20681,20756,-99999,-99999,-99999,-9999,-999, 2856752, -8701533,186841,43933,   31, 3750,    1
 52488.900,  7156,20680,20754,-99999,-99999,-99999,-9999,-999, 2856759, -8701488,186841,43932,   31, 3749,    1
 52489.900,  7158,20686,20765,-99999,-99999,-99999,-9999,-999, 2856765, -8701442,186841,43941,   37, 3746,    3
 52490.900,  7158,20681,20764,-99999,-99999,-99999,-9999,-999, 2856771, -8701400,186841,43933,   38, 3745,    2
 52491.900,  7158,20684,20758,-99999,-99999,-99999,-9999,-999, 2856777, -8701363,186841,43938,   37, 3744,    2
 52492.900,  7159,20688,20766,-99999,-99999,-99999,-9999,-999, 2856782, -8701329,186841,43944,   38, 3744,    3
 52493.900,  7159,20684,20757,-99999,-99999,-99999,-9999,-999, 2856786, -8701299,186841,43936,   45, 3741,    5
 52494.900,  7160,20691,20784,-99999,-99999,-99999,-9999,-999, 2856790, -8701271,186841,43949,   42, 3740,    6
 52495.900,  7158,20683,20783,-99999,-99999,-99999,-9999,-999, 2856794, -8701245,186841,43936,   43, 3737,    3
 52496.900,  7159,20690,20778,-99999,-99999,-99999,-9999,-999, 2856797, -8701222,186841,43948,   44, 3737,    2
 52497.900,  7159,20690,20795,-99999,-99999,-99999,-9999,-999, 2856800, -8701203,186841,43949,   29, 3737,    0
 52498.900,  7159,20685,20773,-99999,-99999,-99999,-9999,-999, 2856803, -8701184,186841,43938,   30, 3735,    2
 52499.900,  7159,20687,20769,-99999,-99999,-99999,-9999,-999, 2856805, -8701167,186841,43942,   28, 3732,    6
 52500.900,  7161,20691,20777,-99999,-99999,-99999,-9999,-999, 2856808, -8701151,186841,43948,   29, 3733,    7
 52501.900,  7160,20684,20755,-99999,-99999,-99999,-9999,-999, 2856810, -8701138,186841,43935,   38, 3732,    9
 52502.900,  7162,20685,20723,-99999,-99999,-99999,-9999,-999, 2856811, -8701126,186841,43934,   39, 3732,   10
 52503.900,  7160,20689,20733,-99999,-99999,-99999,-9999,-999, 2856813, -8701114,186841,43944,   38, 3733,   11
 52504.900,  7160,20686,20732,-99999,-99999,-99999,-9999,-999, 2856815, -8701104,186841,43939,   36, 3734,   13
 52505.900,  7159,20685,20715,-99999,-99999,-99999,-9999,-999, 2856816, -8701094,186841,43938,   40, 3734,   15
 52506.900,  7159,20685,20720,-99999,-99999,-99999,-9999,-999, 2856817, -8701087,186841,43938,   42, 3735,   15
 52507.900,  7159,20683,20715,-99999,-99999,-99999,-9999,-999, 2856818, -8701079,186841,43934,   41, 3736,   16
 52508.900,  7159,20683,20710,-99999,-99999,-99999,-9999,-999, 2856819, -8701072,186841,43934,   34, 3737,   15
 52509.900,  7158,20683,20703,-99999,-99999,-99999,-9999,-999, 2857440, -8701176,186836,43935,   30, 3739,   14
 52510.900,  7159,20682,20704,-99999,-99999,-99999,-9999,-999, 2862419, -8699187,186842,43932,   34, 3741,   15
 52511.900,  7159,20681,20703,-99999,-99999,-99999,-9999,-999, 2862803, -8699069,186850,43930,   37, 3741,   13
 52512.900,  7158,20681,20696,-99999,-99999,-99999,-9999,-999, 2863133, -8698312,186863,43931,   34, 3741,   12
 52513.900,  7159,20682,20695,-99999,-99999,-99999,-9999,-999, 2863280, -8698195,186863,43931,   33, 3743,   12
 52514.900,  7158,20682,20710,-99999,-99999,-99999,-9999,-999, 2863426, -8698078,186864,43933,   39, 3743,   12
 52515.900,  7158,20680,20700,-99999,-99999,-99999,-9999,-999, 2863573, -8697961,186864,43930,   45, 3742,   12
 52516.900,  7158,20679,20694,-99999,-99999,-99999,-9999,-999, 2863720, -8697844,186864,43927,   45, 3742,   11
 52517.900,  7159,20683,20707,-99999,-99999,-99999,-9999,-999, 2863917, -8697592,186843,43935,   41, 3743,   10
 52518.900,  7158,20682,20717,-99999,-99999,-99999,-9999,-999, 2864071, -8697460,186842,43933,   42, 3744,    8
 52519.900,  7158,20680,20716,-99999,-99999,-99999,-9999,-999, 2864217, -8697344,186842,43929,   33, 3744,    6
 52520.900,  7158,20685,20730,-99999,-99999,-99999,-9999,-999, 2864363, -8697227,186841,43939,   29, 3745,    6
 52521.900,  7159,20683,20733,-99999,-99999,-99999,-9999,-999, 2864510, -8697110,186841,43935,   33, 3743,    9
 52522.900,  7157,20681,20736,-99999,-99999,-99999,-9999,-999, 2864656, -8696993,186841,43933,   37, 3742,    8
 52523.900,  7158,20685,20736,-99999,-99999,-99999,-9999,-999, 2864803, -8696877,186841,43940,   37, 3743,    8
 52524.900,  7156,20682,20746,-99999,-99999,-99999,-9999,-999, 2864953, -8696761,186831,43937,   37, 3745,    3
 52525.900,  7156,20681,20751,-99999,-99999,-99999,-9999,-999, 2865114, -8696626,186852,43936,   37, 3745,   -2
 52526.900,  7156,20679,20733,-99999,-99999,-99999,-9999,-999, 2865250, -8696516,186865,43931,   36, 3746,    1
 52527.900,  7155,20681,20741,-99999,-99999,-99999,-9999,-999, 2865393, -8696402,186870,43936,   39, 3747,   -3
 52528.900,  7153,20680,20762,-99999,-99999,-99999,-9999,-999, 2865538, -8696286,186878,43938,   42, 3748,   -5
 52529.900,  7154,20680,20745,-99999,-99999,-99999,-9999,-999, 2865684, -8696170,186885,43937,   41, 3747,   -7
 52530.900,  7152,20679,20746,-99999,-99999,-99999,-9999,-999, 2865829, -8696054,186889,43937,   28, 3749,  -12
 52531.900,  7152,20683,20761,-99999,-99999,-99999,-9999,-999, 2865976, -8695938,186893,43946,   28, 3750,  -14
 52532.900,  7152,20678,20765,-99999,-99999,-99999,-9999,-999, 2866122, -8695821,186900,43935,   32, 3749,  -16
 52533.900,  7151,20676,20765,-99999,-99999,-99999,-9999,-999, 2866268, -8695704,186905,43933,   35, 3747,  -17
 52534.900,  7152,20682,20771,-99999,-99999,-99999,-9999,-999, 2866414, -8695588,186908,43944,   39, 3748,  -17
 52535.900,  7151,20681,20768,-99999,-99999,-99999,-9999,-999, 2866560, -8695471,186912,43942,   42, 3749,  -17
 52536.900,  7151,20676,20773,-99999,-99999,-99999,-9999,-999, 2866707, -8695355,186915,43932,   44, 3750,  -20
 52537.900,  7148,20680,20797,-99999,-99999,-99999,-9999,-999, 2866853, -8695238,186919,43945,   42, 3751,  -24
 52538.900,  7149,20680,20792,-99999,-99999,-99999,-9999,-999, 2866999, -8695122,186922,43945,   41, 3750,  -24
 52539.900,  7149,20677,20786,-99999,-99999,-99999,-9999,-999, 2867146, -8695005,186925,43940,   40, 3750,  -28
 52540.900,  7150,20681,20804,-99999,-99999,-99999,-9999,-999, 2867292, -8694889,186926,43945,   37, 3749,  -28
 52541.900,  7150,20681,20813,-99999,-99999,-99999,-9999,-999, 2867438, -8694772,186928,43946,   34, 3749,  -28
 52542.900,  7149,20679,20816,-99999,-99999,-99999,-9999,-999, 2867585, -8694656,186928,43943,   30, 3748,  -31
 52543.900,  7149,20679,20821,-99999,-99999,-99999,-9999,-999, 2867731, -8694539,186928,43941,   31, 3748,  -30
 52544.900,  7152,20681,20829,-99999,-99999,-99999,-9999,-999, 2867878, -8694422,186928,43942,   35, 3746,  -30
 52545.900,  7153,20680,20836,-99999,-99999,-99999,-9999,-999, 2868025, -8694305,186927,43939,   38, 3744,  -26
 52546.900,  7153,20678,20825,-99999,-99999,-99999,-9999,-999, 2868171, -8694188,186925,43932,   42, 3742,  -21
 52547.900,  7154,20680,20826,-99999,-99999,-99999,-9999,-999, 2868318, -8694071,186924,43936,   41, 3742,  -19
 52548.900,  7155,20681,20828,-99999,-99999,-99999,-9999,-999, 2868464, -8693955,186923,43935,   40, 3741,  -18
 52549.900,  7157,20679,20821,-99999,-99999,-99999,-9999,-999, 2868611, -8693838,186923,43930,   43, 3740,  -17
 52550.900,  7157,20677,20805,-99999,-99999,-99999,-9999,-999, 2868758, -8693721,186923,43923,   44, 3738,   -9
 52551.900,  7158,20676,20807,-99999,-99999,-99999,-9999,-999, 2868905, -8693604,186924,43921,   43, 3737,   -8
 52552.900,  7158,20680,20824,-99999,-99999,-99999,-9999,-999, 2869051, -8693487,186924,43929,   33, 3739,   -8
 52553.900,  7159,20676,20803,-99999,-99999,-99999,-9999,-999, 2869198, -8693370,186925,43919,   32, 3740,   -7
 52554.900,  7160,20678,20799,-99999,-99999,-99999,-9999,-999, 2869345, -8693253,186925,43921,   39, 3739,   -8
 52555.900,  7160,20679,20821,-99999,-99999,-99999,-9999,-999, 2869492, -8693136,186926,43923,   35, 3735,   -2
 52556.900,  7160,20677,20817,-99999,-99999,-99999,-9999,-999, 2869639, -8693019,186926,43919,   32, 3732,   -4
 52557.900,  7161,20678,20814,-99999,-99999,-99999,-9999,-999, 2869785, -8692902,186927,43920,   34, 3732,    6
 52558.900,  7161,20678,20805,-99999,-99999,-99999,-9999,-999, 2869932, -8692785,186927,43919,   39, 3731,    6
 52559.900,  7160,20679,20818,-99999,-99999,-99999,-9999,-999, 2870079, -8692668,186928,43924,   43, 3728,    6
 52560.900,  7160,20678,20833,-99999,-99999,-99999,-9999,-999, 2870226, -8692551,186928,43922,   43, 3727,    7
 52561.900,  7158,20677,20839,-99999,-99999,-99999,-9999,-999, 2870372, -8692434,186929,43924,   43, 3728,    4
 52562.900,  7156,20677,20847,-99999,-99999,-99999,-9999,-999, 2870522, -8692304,186929,43926,   42, 3729,    3
 52563.900,  7154,20676,20873,-99999,-99999,-99999,-9999,-999, 2870658, -8692189,186929,43927,   30, 3730,   -2
 52564.900,  7154,20678,20877,-99999,-99999,-99999,-9999,-999, 2870793, -8692073,186930,43931,   25, 3728,   -2
 52565.900,  7154,20680,20883,-99999,-99999,-99999,-9999,-999, 2870916, -8691969,186930,43936,   32, 3733,   -3
 52566.900,  7154,20681,20896,-99999,-99999,-99999,-9999,-999, 2871039, -8691807,186930,43938,   42, 3736,   -4
 52567.900,  7154,20682,20895,-99999,-99999,-99999,-9999,-999, 2871146, -8691692,186930,43940,   44, 3739,  -10
 52568.900,  7153,20682,20909,-99999,-99999,-99999,-9999,-999, 2871252, -8691577,186930,43941,   40, 3744,  -12
 52569.900,  7152,20682,20910,-99999,-99999,-99999,-9999,-999, 2871349, -8691472,186930,43943,   42, 3744,  -15
 52570.900,  7153,20681,20905,-99999,-99999,-99999,-9999,-999, 2871436, -8691377,186930,43940,   44, 3742,  -15
 52571.900,  7152,20683,20913,-99999,-99999,-99999,-9999,-999, 2871524, -8691181,186930,43945,   52, 3742,  -18
 52572.900,  7154,20686,20918,-99999,-99999,-99999,-9999,-999, 2871599, -8691061,186931,43948,   42, 3744,  -15
 52573.900,  7155,20682,20894,-99999,-99999,-99999,-9999,-999, 2871673, -8690942,186931,43938,   46, 3748,  -15
 52574.900,  7155,20692,20914,-99999,-99999,-99999,-9999,-999, 2871747, -8690823,186931,43959,   41, 3747,  -15
 52575.900,  7155,20682,20897,-99999,-99999,-99999,-9999,-999, 2871814, -8690714,186931,43939,   28, 3746,  -12
 52576.900,  7157,20686,20843,-99999,-99999,-99999,-9999,-999, 2871879, -8690552,186931,43945,   30, 3747,  -10
 52577.900,  7158,20694,20891,-99999,-99999,-99999,-9999,-999, 2872849, -8690476,186930,43959,   43, 3745,  -11
 52578.900,  7156,20683,20882,-99999,-99999,-99999,-9999,-999, 2872896, -8690389,186917,43939,   41, 3743,  -15
 52579.900,  7158,20688,20855,-99999,-99999,-99999,-9999,-999, 2873031, -8690297,186924,43945,   40, 3743,  -13
 52580.900,  7157,20686,20872,-99999,-99999,-99999,-9999,-999, 2873165, -8690197,186911,43945,   41, 3744,  -15
 52581.900,  7157,20687,20859,-99999,-99999,-99999,-9999,-999, 2873309, -8690086,186905,43946,   41, 3745,  -15
 52582.900,  7157,20688,20874,-99999,-99999,-99999,-9999,-999, 2873456, -8689971,186906,43948,   45, 3746,  -17
 52583.900,  7158,20684,20854,-99999,-99999,-99999,-9999,-999, 2873602, -8689856,186903,43938,   51, 3749,  -19
 52584.900,  7158,20689,20857,-99999,-99999,-99999,-9999,-999, 2873748, -8689740,186904,43949,   52, 3752,  -22
 52585.900,  7159,20684,20853,-99999,-99999,-99999,-9999,-999, 2873895, -8689624,186900,43936,   36, 3753,  -22
 52586.900,  7163,20689,20825,-99999,-99999,-99999,-9999,-999, 2874041, -8689508,186899,43939,   31, 3754,  -15
 52587.900,  7163,20687,20830,-99999,-99999,-99999,-9999,-999, 2874188, -8689392,186898,43936,   35, 3752,  -14
 52588.900,  7162,20689,20833,-99999,-99999,-99999,-9999,-999, 2874334, -8689276,186892,43942,   38, 3751,   -8
 52589.900,  7163,20686,20819,-99999,-99999,-99999,-9999,-999, 2874480, -8689160,186887,43933,   34, 3750,   -5
 52590.900,  7163,20691,20831,-99999,-99999,-99999,-9999,-999, 2874627, -8689043,186885,43942,   34, 3748,   -4
 52591.900,  7163,20690,20851,-99999,-99999,-99999,-9999,-999, 2874773, -8688926,186883,43942,   36, 3747,   -2
 52592.900,  7162,20688,20834,-99999,-99999,-99999,-9999,-999, 2874919, -8688810,186872,43938,   41, 3748,    0
 52593.900,  7162,20691,20857,-99999,-99999,-99999,-9999,-999, 2875065, -8688693,186869,43945,   43, 3749,   -1
 52594.900,  7160,20685,20876,-99999,-99999,-99999,-9999,-999, 2875212, -8688577,186867,43937,   38, 3750,   -4
 52595.900,  7162,20691,20875,-99999,-99999,-99999,-9999,-999, 2875358, -8688460,186863,43946,   36, 3752,   -3
 52596.900,  7160,20689,20908,-99999,-99999,-99999,-9999,-999, 2875504, -8688343,186860,43944,   35, 3752,   -2
 52597.900,  7160,20687,20895,-99999,-99999,-99999,-9999,-999, 2875650, -8688227,186858,43940,   30, 3752,   -6
 52598.900,  7160,20694,20934,-99999,-99999,-99999,-9999,-999, 2875796, -8688110,186857,43956,   30, 3752,   -6
 52599.900,  7159,20689,20954,-99999,-99999,-99999,-9999,-999, 2875942, -8687994,186854,43947,   31, 3752,   -6
 52600.900,  7160,20696,20962,-99999,-99999,-99999,-9999,-999, 2876088, -8687877,186853,43959,   38, 3754,   -6
 52601.900,  7157,20692,21002,-99999,-99999,-99999,-9999,-999, 2876234, -8687760,186851,43958,   37, 3755,  -11
 52602.900,  7158,20693,20998,-99999,-99999,-99999,-9999,-999, 2876380, -8687644,186852,43958,   34, 3758,  -12
 52603.900,  7158,20693,20990,-99999,-99999,-99999,-9999,-999, 2876526, -8687527,186851,43958,   35, 3758,  -13
 52604.900,  7160,20698,20971,-99999,-99999,-99999,-9999,-999, 2876672, -8687411,186851,43962,   36, 3755,  -10
 52605.900,  7160,20696,20959,-99999,-99999,-99999,-9999,-999, 2876818, -8687294,186849,43960,   38, 3752,  -14
 52606.900,  7161,20697,20934,-99999,-99999,-99999,-9999,-999, 2876964, -8687178,186849,43959,   35, 3754,  -10
 52607.900,  7161,20698,20907,-99999,-99999,-99999,-9999,-999, 2877109, -8687062,186847,43962,   32, 3756,  -11
 52608.900,  7161,20696,20880,-99999,-99999,-99999,-9999,-999, 2877255, -8686946,186847,43959,   30, 3756,  -10
 52609.900,  7160,20697,20867,-99999,-99999,-99999,-9999,-999, 2877401, -8686830,186848,43960,   27, 3756,  -12
 52610.900,  7162,20695,20823,-99999,-99999,-99999,-9999,-999, 2877546, -8686713,186848,43954,   34, 3755,  -12
 52611.900,  7163,20695,20773,-99999,-99999,-99999,-9999,-999, 2877691, -8686597,186848,43951,   40, 3755,  -11
 52612.900,  7162,20696,20777,-99999,-99999,-99999,-9999,-999, 2877837, -8686481,186848,43955,   34, 3755,  -12
 52613.900,  7165,20693,20717,-99999,-99999,-99999,-9999,-999, 2877982, -8686365,186847,43946,   32, 3754,  -10
 52614.900,  7166,20694,20677,-99999,-99999,-99999,-9999,-999, 2878127, -8686249,186847,43946,   38, 3752,   -8
 52615.900,  7165,20689,20650,-99999,-99999,-99999,-9999,-999, 2878272, -8686133,186846,43936,   43, 3752,   -8
 52616.900,  7168,20688,20587,-99999,-99999,-99999,-9999,-999, 2878417, -8686017,186845,43928,   43, 3753,   -7
 52617.900,  7170,20690,20568,-99999,-99999,-99999,-9999,-999, 2878563, -8685902,186843,43929,   41, 3754,   -4
 52618.900,  7172,20687,20536,-99999,-99999,-99999,-9999,-999, 2878708, -8685786,186842,43921,   36, 3756,    1
 52619.900,  7172,20684,20508,-99999,-99999,-99999,-9999,-999, 2878853, -8685671,186838,43913,   34, 3758,    2
 52620.900,  7173,20683,20481,-99999,-99999,-99999,-9999,-999, 2878997, -8685555,186834,43908,   33, 3759,   10
 52621.900,  7175,20685,20468,-99999,-99999,-99999,-9999,-999, 2879142, -8685439,186833,43910,   36, 3760,   13
 52622.900,  7176,20682,20464,-99999,-99999,-99999,-9999,-999, 2879287, -8685324,186828,43903,   40, 3760,   17
 52623.900,  7177,20683,20455,-99999,-99999,-99999,-9999,-999, 2879432, -8685208,186826,43903,   44, 3760,   19
 52624.900,  7176,20682,20450,-99999,-99999,-99999,-9999,-999, 2879577, -8685092,186822,43902,   43, 3761,   23
 52625.900,  7176,20680,20440,-99999,-99999,-99999,-9999,-999, 2879721, -8684977,186817,43899,   40, 3762,   21
