flight/ER2/SEAC4RS-MMS-1HZ_ER2_20130816_RA.ict
49, 1001                                                                                                                                                                                                
Bui, T. Paul                                                                                                                                                                                            
NASA Ames Research Center                                                                                                                                                                               
MMS - Meteorological Measurement System                                                                                                                                                                 
SEAC4RS                                                                                                                                                                                                 
1, 1                                                                                                                                                                                                    
2013, 08, 16, 2013, 08, 16                                                                                                                                                                              
-1                                                                                                                                                                                                      
TIME_UTC, seconds, elapsed time from 0000 UTC                                                                                                                                                           
15                                                                                                                                                                                                      
0.01, 0.01, 0.01, 0.01, 0.01, 0.001, 0.01, 0.01, 0.00001, 0.00001, 0.1, 0.01, 0.01, 0.01, 0.01                                                                                                          
-99999, -9999, -9999, -99999, -99999, -99999, -9999, -999, -9999999, -99999999, -99999, -9999, -9999, -9999, -9999                                                                                      
P, hPa, Static Pressure                                                                                                                                                                                 
T, K, Static Temperature                                                                                                                                                                                
TAS, m/s, True Air Speed                                                                                                                                                                                
U, m/s, E-W Horizontal Wind Speed                                                                                                                                                                       
[...]
DM_CONTACT_INFO: Jon Dean-Day, Bay Area Environmental Research Institute, 596 First St.                                                                                                                 
West, Sonoma, CA, 95476; email: jonathan.m.dean-day@nasa.gov                                                                                                                                            
PROJECT_INFO: SEAC4RS mission August 1 - September 30, 2013; Houston, TX                                                                                                                                
OTHER_COMMENTS:                                                                                                                                                                                         
..\cv\e_130816.cva                                                                                                                                                                                      
REVISION: RA                                                                                                                                                                                            
RA: Preliminary FIELD DATA, Not funded for 3D Winds                                                                                                                                                     
TIME_UTC, P, T, TAS, U, V, W, TEDR, REYN, G_LAT, G_LONG, G_ALT, POT, ROLL, HDG, PITCH                                                                                                                   
[from data line 20286]
 71327.200,  7260,20861,19703,-99999,-99999,-99999,-9999,-999, 3500315,-10203063,186121,44134,   91,17069,  -18
 71328.200,  7258,20854,19802,-99999,-99999,-99999,-9999,-999, 3500144,-10203031,186116,44124,   81,17066,  -20
 71329.200,  7255,20841,19839,-99999,-99999,-99999,-9999,-999, 3499973,-10202998,186115,44101,   94,17069,  -17
 71330.200,  7254,20845,19788,-99999,-99999,-99999,-9999,-999, 3499802,-10202965,186112,44111,  113,17071,  -30
 71331.200,  7250,20838,19807,-99999,-99999,-99999,-9999,-999, 3499631,-10202932,186109,44103,   34,17083,  -34
 71332.200,  7249,20837,19795,-99999,-99999,-99999,-9999,-999, 3499460,-10202899,186106,44104, -361,17101,  -46
 71333.200,  7248,20829,19892,-99999,-99999,-99999,-9999,-999, 3499289,-10202867,186109,44088, -721,17117,  -46
 71334.200,  7246,20820,19921,-99999,-99999,-99999,-9999,-999, 3499118,-10202835,186112,44074,-1342,17123,  -37
 71335.200,  7246,20828,19887,-99999,-99999,-99999,-9999,-999, 3498946,-10202803,186108,44088,-1729,17101,  -19
 71336.200,  7254,20827,19906,-99999,-99999,-99999,-9999,-999, 3498775,-10202770,186104,44073,-1507,17045,  -29
 71337.200,  7259,20829,19899,-99999,-99999,-99999,-9999,-999, 3498604,-10202738,186100,44069,-1518,16948,  -44
 71338.200,  7262,20832,19935,-99999,-99999,-99999,-9999,-999, 3498432,-10202705,186096,44071,-1762,16900,  -29
 71339.200,  7267,20829,19933,-99999,-99999,-99999,-9999,-999, 3498261,-10202673,186092,44055,-1951,16799,   -8
 71340.200,  7273,20839,19868,-99999,-99999,-99999,-9999,-999, 3498090,-10202640,186088,44065,-1707,16700,   -8
 71341.200,  7281,20842,19893,-99999,-99999,-99999,-9999,-999, 3497934,-10202610,186086,44058,-1002,16541,   -8
 71342.200,  7290,20840,19879,-99999,-99999,-99999,-9999,-999, 3497794,-10202584,186085,44039, -452,16451,    8
 71343.200,  7289,20841,19904,-99999,-99999,-99999,-9999,-999, 3497667,-10202560,186084,44042,  167,16357,   10
 71344.200,  7281,20831,19952,-99999,-99999,-99999,-9999,-999, 3497552,-10202538,186083,44035,  369,16313,   25
 71345.200,  7278,20834,19946,-99999,-99999,-99999,-9999,-999, 3497101,-10202325,186083,44047,  439,16306,   28
 71346.200,  7276,20831,19935,-99999,-99999,-99999,-9999,-999, 3497038,-10202270,186082,44043,  481,16306,   29
 71347.200,  7273,20827,19963,-99999,-99999,-99999,-9999,-999, 3496870,-10202212,186082,44040,  474,16317,   29
 71348.200,  7270,20821,19954,-99999,-99999,-99999,-9999,-999, 3496702,-10202154,186082,44034,  475,16348,   26
 71349.200,  7265,20819,19964,-99999,-99999,-99999,-9999,-999, 3496548,-10202107,186080,44038,  445,16376,   18
 71350.200,  7259,20814,19996,-99999,-99999,-99999,-9999,-999, 3496380,-10202051,186080,44037,  399,16417,    5
 71351.200,  7254,20807,20033,-99999,-99999,-99999,-9999,-999, 3496211,-10201994,186080,44030,  338,16453,   -5
 71352.200,  7251,20797,20031,-99999,-99999,-99999,-9999,-999, 3496043,-10201937,186080,44015,  299,16490,  -18
 71353.200,  7248,20796,20020,-99999,-99999,-99999,-9999,-999, 3495875,-10201881,186080,44018,  243,16524,  -35
 71354.200,  7244,20791,20071,-99999,-99999,-99999,-9999,-999, 3495706,-10201824,186080,44015,  183,16553,  -41
 71355.200,  7243,20786,20155,-99999,-99999,-99999,-9999,-999, 3495516,-10201776,186106,44006,  132,16594,  -51
 71356.200,  7244,20781,20198,-99999,-99999,-99999,-9999,-999, 3495361,-10201724,186139,43994,   66,16626,  -59
 71357.200,  7242,20789,20179,-99999,-99999,-99999,-9999,-999, 3495195,-10201670,186148,44013,   25,16646,  -57
 71358.200,  7244,20789,20177,-99999,-99999,-99999,-9999,-999, 3495033,-10201609,186147,44010,  -37,16667,  -60
 71359.200,  7245,20793,20145,-99999,-99999,-99999,-9999,-999, 3494873,-10201573,186145,44016,  -68,16675,  -55
 71360.200,  7246,20798,20143,-99999,-99999,-99999,-9999,-999, 3494706,-10201526,186146,44025,  -91,16682,  -53
 71361.200,  7249,20793,20156,-99999,-99999,-99999,-9999,-999, 3494539,-10201476,186147,44009, -110,16686,  -56
 71362.200,  7246,20785,20190,-99999,-99999,-99999,-9999,-999, 3494370,-10201424,186153,43998, -120,16681,  -55
 71363.200,  7247,20782,20234,-99999,-99999,-99999,-9999,-999, 3494201,-10201371,186156,43991, -116,16668,  -59
 71364.200,  7247,20784,20225,-99999,-99999,-99999,-9999,-999, 3494032,-10201320,186154,43996, -111,16661,  -59
 71365.200,  7248,20786,20241,-99999,-99999,-99999,-9999,-999, 3493863,-10201267,186157,43998,  -96,16650,  -56
 71366.200,  7248,20791,20233,-99999,-99999,-99999,-9999,-999, 3493693,-10201214,186160,44008,  -78,16642,  -58
 71367.200,  7247,20783,20268,-99999,-99999,-99999,-9999,-999, 3493524,-10201161,186163,43991,  -73,16632,  -57
 71368.200,  7251,20782,20273,-99999,-99999,-99999,-9999,-999, 3493354,-10201107,186166,43983,  -55,16617,  -58
 71369.200,  7248,20780,20282,-99999,-99999,-99999,-9999,-999, 3493184,-10201054,186167,43985,  -47,16608,  -51
 71370.200,  7249,20784,20269,-99999,-99999,-99999,-9999,-999, 3493015,-10201000,186169,43991,  -11,16598,  -65
 71371.200,  7246,20784,20258,-99999,-99999,-99999,-9999,-999, 3492845,-10200946,186171,43996,    0,16594,  -68
 71372.200,  7247,20786,20243,-99999,-99999,-99999,-9999,-999, 3492676,-10200891,186172,44000,   21,16585,  -74
 71373.200,  7245,20779,20249,-99999,-99999,-99999,-9999,-999, 3492506,-10200836,186173,43988,   40,16575,  -81
 71374.200,  7246,20782,20224,-99999,-99999,-99999,-9999,-999, 3492336,-10200782,186175,43993,   47,16567,  -92
 71375.200,  7247,20785,20225,-99999,-99999,-99999,-9999,-999, 3492166,-10200728,186176,43996,   44,16563,  -92
 71376.200,  7251,20790,20221,-99999,-99999,-99999,-9999,-999, 3491997,-10200676,186174,44001,   59,16564,  -90
 71377.200,  7250,20784,20253,-99999,-99999,-99999,-9999,-999, 3491827,-10200621,186175,43990,   90,16562,  -97
 71378.200,  7252,20779,20226,-99999,-99999,-99999,-9999,-999, 3491656,-10200566,186174,43975,   75,16559,  -96
 71379.200,  7255,20793,20214,-99999,-99999,-99999,-9999,-999, 3491486,-10200512,186170,43999,   72,16557,  -91
 71380.200,  7259,20792,20241,-99999,-99999,-99999,-9999,-999, 3491316,-10200457,186169,43991,   78,16564,  -80
 71381.200,  7261,20788,20205,-99999,-99999,-99999,-9999,-999, 3491145,-10200402,186167,43979,   95,16563,  -79
 71382.200,  7260,20789,20216,-99999,-99999,-99999,-9999,-999, 3490974,-10200346,186167,43982,   71,16558,  -77
 71383.200,  7262,20790,20210,-99999,-99999,-99999,-9999,-999, 3490802,-10200291,186165,43980,   66,16559,  -70
 71384.200,  7262,20788,20302,-99999,-99999,-99999,-9999,-999, 3490631,-10200236,186165,43977,   79,16566,  -68
 71385.200,  7261,20780,20361,-99999,-99999,-99999,-9999,-999, 3490460,-10200181,186163,43961,   83,16574,  -61
 71386.200,  7263,20774,20289,-99999,-99999,-99999,-9999,-999, 3490289,-10200126,186161,43947,   61,16582,  -60
 71387.200,  7264,20786,20285,-99999,-99999,-99999,-9999,-999, 3490117,-10200071,186161,43969,   62,16581,  -51
 71388.200,  7263,20786,20367,-99999,-99999,-99999,-9999,-999, 3489946,-10200017,186160,43971,   52,16586,  -47
 71389.200,  7261,20784,20364,-99999,-99999,-99999,-9999,-999, 3489776,-10199965,186152,43969,   43,16595,  -40
 71390.200,  7262,20788,20367,-99999,-99999,-99999,-9999,-999, 3489605,-10199910,186150,43978,   36,16595,  -40
 71391.200,  7260,20786,20341,-99999,-99999,-99999,-9999,-999, 3489434,-10199858,186146,43975,   12,16591,  -42
 71392.200,  7260,20791,20321,-99999,-99999,-99999,-9999,-999, 3489262,-10199803,186145,43988,   31,16586,  -42
 71393.200,  7258,20784,20367,-99999,-99999,-99999,-9999,-999, 3489092,-10199751,186141,43974,   28,16580,  -44
 71394.200,  7261,20786,20339,-99999,-99999,-99999,-9999,-999, 3488921,-10199697,186137,43975,   36,16579,  -44
 71395.200,  7260,20787,20357,-99999,-99999,-99999,-9999,-999, 3488750,-10199645,186130,43979,   24,16581,  -41
 71396.200,  7259,20785,20380,-99999,-99999,-99999,-9999,-999, 3488579,-10199591,186125,43977,   40,16579,  -43
 71397.200,  7259,20788,20384,-99999,-99999,-99999,-9999,-999, 3488408,-10199537,186119,43983,   65,16588,  -46
 71398.200,  7256,20787,20376,-99999,-99999,-99999,-9999,-999, 3488236,-10199484,186115,43984,   60,16597,  -55
 71399.200,  7254,20786,20327,-99999,-99999,-99999,-9999,-999, 3488065,-10199430,186111,43987,   32,16599,  -69
 71400.200,  7254,20786,20304,-99999,-99999,-99999,-9999,-999, 3487894,-10199375,186106,43987,    4,16596,  -70
 71401.200,  7255,20782,20324,-99999,-99999,-99999,-9999,-999, 3487723,-10199322,186101,43977,   27,16592,  -78
 71402.200,  7255,20782,20326,-99999,-99999,-99999,-9999,-999, 3487551,-10199268,186096,43976,   24,16588,  -84
 71403.200,  7254,20783,20322,-99999,-99999,-99999,-9999,-999, 3487380,-10199214,186090,43980,   29,16580,  -83
 71404.200,  7254,20785,20324,-99999,-99999,-99999,-9999,-999, 3487209,-10199160,186084,43983,   34,16567,  -92
 71405.200,  7256,20781,20353,-99999,-99999,-99999,-9999,-999, 3487037,-10199106,186076,43973,   45,16562,  -90
 71406.200,  7260,20784,20346,-99999,-99999,-99999,-9999,-999, 3486866,-10199052,186067,43972,   73,16553,  -89
 71407.200,  7264,20787,20334,-99999,-99999,-99999,-9999,-999, 3486694,-10198998,186059,43972,   70,16554,  -82
 71408.200,  7266,20788,20319,-99999,-99999,-99999,-9999,-999, 3486522,-10198944,186049,43970,   93,16557,  -76
 71409.200,  7267,20784,20332,-99999,-99999,-99999,-9999,-999, 3486351,-10198889,186041,43960,   89,16554,  -59
 71410.200,  7267,20782,20302,-99999,-99999,-99999,-9999,-999, 3486179,-10198835,186034,43955,   85,16561,  -58
 71411.200,  7269,20787,20278,-99999,-99999,-99999,-9999,-999, 3486007,-10198782,186028,43962,   92,16570,  -59
 71412.200,  7266,20775,20314,-99999,-99999,-99999,-9999,-999, 3485835,-10198728,186023,43942,   72,16566,  -54
 71413.200,  7265,20779,20257,-99999,-99999,-99999,-9999,-999, 3485663,-10198674,186021,43953,   75,16580,  -55
 71414.200,  7263,20774,20302,-99999,-99999,-99999,-9999,-999, 3485491,-10198619,186018,43946,   46,16593,  -58
 71415.200,  7261,20763,20313,-99999,-99999,-99999,-9999,-999, 3485318,-10198566,186017,43926,   61,16598,  -65
 71416.200,  7260,20765,20228,-99999,-99999,-99999,-9999,-999, 3485146,-10198512,186015,43931,   29,16603,  -67
 71417.200,  7261,20763,20204,-99999,-99999,-99999,-9999,-999, 3484974,-10198458,186016,43925,   17,16600,  -75
 71418.200,  7261,20767,20223,-99999,-99999,-99999,-9999,-999, 3484802,-10198405,186016,43935,   24,16600,  -72
 71419.200,  7260,20768,20237,-99999,-99999,-99999,-9999,-999, 3484630,-10198351,186015,43938,    1,16597,  -74
 71420.200,  7263,20765,20280,-99999,-99999,-99999,-9999,-999, 3484457,-10198297,186013,43927,   14,16596,  -72
 71421.200,  7264,20766,20264,-99999,-99999,-99999,-9999,-999, 3484285,-10198243,186010,43927,   19,16595,  -67
 71422.200,  7264,20769,20282,-99999,-99999,-99999,-9999,-999, 3484112,-10198190,186007,43933,   13,16587,  -72
 71423.200,  7265,20764,20316,-99999,-99999,-99999,-9999,-999, 3483940,-10198136,186004,43921,   12,16587,  -63
 71424.200,  7267,20765,20274,-99999,-99999,-99999,-9999,-999, 3483767,-10198082,186001,43921,   33,16587,  -65
 71425.200,  7265,20761,20262,-99999,-99999,-99999,-9999,-999, 3483595,-10198029,185998,43914,   44,16585,  -67
 71426.200,  7265,20768,20247,-99999,-99999,-99999,-9999,-999, 3483422,-10197975,185994,43930,   32,16579,  -68
 71427.200,  7266,20764,20277,-99999,-99999,-99999,-9999,-999, 3483249,-10197920,185991,43920,   39,16580,  -65
 71428.200,  7267,20762,20249,-99999,-99999,-99999,-9999,-999, 3483077,-10197866,185988,43913,   57,16575,  -64
 71429.200,  7267,20762,20224,-99999,-99999,-99999,-9999,-999, 3482904,-10197812,185985,43914,   49,16569,  -63
 71430.200,  7267,20763,20233,-99999,-99999,-99999,-9999,-999, 3482731,-10197758,185983,43914,   55,16562,  -62
 71431.200,  7267,20762,20240,-99999,-99999,-99999,-9999,-999, 3482558,-10197705,185979,43913,   63,16560,  -59
 71432.200,  7265,20758,20239,-99999,-99999,-99999,-9999,-999, 3482385,-10197650,185978,43909,   67,16558,  -59
 71433.200,  7266,20761,20226,-99999,-99999,-99999,-9999,-999, 3482212,-10197596,185976,43913,   78,16552,  -61
 71434.200,  7266,20763,20214,-99999,-99999,-99999,-9999,-999, 3482039,-10197542,185974,43919,   83,16549,  -61
 71435.200,  7265,20767,20205,-99999,-99999,-99999,-9999,-999, 3481866,-10197488,185971,43928,   76,16544,  -59
 71436.200,  7269,20769,20219,-99999,-99999,-99999,-9999,-999, 3481693,-10197434,185968,43925,   93,16542,  -54
 71437.200,  7272,20772,20226,-99999,-99999,-99999,-9999,-999, 3481520,-10197381,185964,43927,  100,16546,  -54
 71438.200,  7274,20778,20270,-99999,-99999,-99999,-9999,-999, 3481347,-10197327,185960,43935,  105,16558,  -47
 71439.200,  7272,20775,20277,-99999,-99999,-99999,-9999,-999, 3481173,-10197274,185956,43933,  100,16566,  -41
 71440.200,  7272,20771,20265,-99999,-99999,-99999,-9999,-999, 3481000,-10197220,185955,43923,   91,16564,  -43
 71441.200,  7270,20770,20266,-99999,-99999,-99999,-9999,-999, 3480827,-10197166,185954,43926,   78,16562,  -45
 71442.200,  7266,20764,20278,-99999,-99999,-99999,-9999,-999, 3480653,-10197113,185954,43920,   64,16561,  -44
 71443.200,  7264,20765,20266,-99999,-99999,-99999,-9999,-999, 3480480,-10197060,185953,43924,   70,16558,  -55
 71444.200,  7262,20761,20284,-99999,-99999,-99999,-9999,-999, 3480307,-10197006,185956,43920,   68,16558,  -59
 71445.200,  7262,20760,20289,-99999,-99999,-99999,-9999,-999, 3480133,-10196953,185960,43918,   66,16560,  -62
 71446.200,  7264,20755,20274,-99999,-99999,-99999,-9999,-999, 3479960,-10196900,185963,43905,   79,16559,  -62
 71447.200,  7264,20758,20255,-99999,-99999,-99999,-9999,-999, 3479786,-10196847,185965,43910,   83,16557,  -64
 71448.200,  7262,20761,20309,-99999,-99999,-99999,-9999,-999, 3479613,-10196794,185967,43921,   66,16562,  -61
 71449.200,  7264,20758,20306,-99999,-99999,-99999,-9999,-999, 3479439,-10196741,185968,43911,   75,16568,  -61
 71450.200,  7265,20761,20324,-99999,-99999,-99999,-9999,-999, 3479265,-10196688,185968,43914,   73,16572,  -63
 71451.200,  7265,20762,20352,-99999,-99999,-99999,-9999,-999, 3479092,-10196636,185968,43917,   55,16585,  -59
 71452.200,  7266,20761,20395,-99999,-99999,-99999,-9999,-999, 3478918,-10196583,185969,43914,   59,16596,  -59
 71453.200,  7265,20762,20397,-99999,-99999,-99999,-9999,-999, 3478744,-10196530,185970,43917,   35,16609,  -58
 71454.200,  7265,20763,20385,-99999,-99999,-99999,-9999,-999, 3478570,-10196478,185970,43918,   24,16616,  -57
 71455.200,  7262,20762,20357,-99999,-99999,-99999,-9999,-999, 3478396,-10196425,185973,43921,   -5,16620,  -63
 71456.200,  7260,20762,20382,-99999,-99999,-99999,-9999,-999, 3478223,-10196372,185976,43926,  -13,16617,  -63
 71457.200,  7259,20755,20399,-99999,-99999,-99999,-9999,-999, 3478049,-10196320,185978,43913,   -1,16615,  -65
 71458.200,  7258,20754,20384,-99999,-99999,-99999,-9999,-999, 3477875,-10196267,185981,43912,   -1,16612,  -74
 71459.200,  7258,20756,20379,-99999,-99999,-99999,-9999,-999, 3477701,-10196215,185983,43916,  -13,16609,  -76
 71460.200,  7260,20763,20344,-99999,-99999,-99999,-9999,-999, 3477527,-10196162,185984,43927,  -19,16608,  -77
 71461.200,  7261,20761,20365,-99999,-99999,-99999,-9999,-999, 3477353,-10196109,185984,43920,    7,16603,  -74
 71462.200,  7262,20760,20367,-99999,-99999,-99999,-9999,-999, 3477179,-10196056,185984,43919,   22,16598,  -83
 71463.200,  7262,20764,20353,-99999,-99999,-99999,-9999,-999, 3477005,-10196003,185982,43925,   16,16599,  -82
 71464.200,  7264,20765,20360,-99999,-99999,-99999,-9999,-999, 3476831,-10195950,185981,43923,   23,16599,  -80
 71465.200,  7267,20764,20350,-99999,-99999,-99999,-9999,-999, 3476657,-10195896,185978,43918,   19,16602,  -77
 71466.200,  7269,20767,20352,-99999,-99999,-99999,-9999,-999, 3476483,-10195844,185977,43920,   28,16605,  -68
 71467.200,  7269,20767,20350,-99999,-99999,-99999,-9999,-999, 3476309,-10195790,185974,43921,   11,16603,  -64
 71468.200,  7270,20767,20357,-99999,-99999,-99999,-9999,-999, 3476135,-10195737,185972,43919,   19,16602,  -59
