flight/ER2/SEAC4RS-MMS-1HZ_ER2_20130802_RA.ict
49, 1001                                                                                                                                                                                                
Bui, T. Paul                                                                                                                                                                                            
NASA Ames Research Center                                                                                                                                                                               
MMS - Meteorological Measurement System                                                                                                                                                                 
SEAC4RS                                                                                                                                                                                                 
1, 1                                                                                                                                                                                                    
2013, 08, 02, 2013, 08, 04                                                                                                                                                                              
-1                                                                                                                                                                                                      
TIME_UTC, seconds, elapsed time from 0000 UTC                                                                                                                                                           
15                                                                                                                                                                                                      
0.01, 0.01, 0.01, 0.01, 0.01, 0.001, 0.01, 0.01, 0.00001, 0.00001, 0.1, 0.01, 0.01, 0.01, 0.01                                                                                                          
-99999, -9999, -9999, -99999, -99999, -99999, -9999, -999, -9999999, -99999999, -99999, -9999, -9999, -9999, -9999                                                                                      
P, hPa, Static Pressure                                                                                                                                                                                 
T, K, Static Temperature                                                                                                                                                                                
TAS, m/s, True Air Speed                                                                                                                                                                                
U, m/s, E-W Horizontal Wind Speed                                                                                                                                                                       
[...]
DM_CONTACT_INFO: Jon Dean-Day, Bay Area Environmental Research Institute, 596 First St.                                                                                                                 
West, Sonoma, CA, 95476; email: jonathan.m.dean-day@nasa.gov                                                                                                                                            
PROJECT_INFO: SEAC4RS mission August 1 - September 30, 2013; Houston, TX                                                                                                                                
OTHER_COMMENTS:                                                                                                                                                                                         
..\cv\e_130802.cva                                                                                                                                                                                      
REVISION: RA                                                                                                                                                                                            
RA: FIELD DATA                                                                                                                                                                                          
TIME_UTC, P, T, TAS, U, V, W, TEDR, REYN, G_LAT, G_LONG, G_ALT, POT, ROLL, HDG, PITCH                                                                                                                   
[from data line 18858]
 82257.700,  5908,21137,20073,  -377,   602,  -439, -943, 468, 3818079,-11959024,199144,47431,   13,13404,   93
 82258.700,  5906,21136,20077,  -382,   598,  -334,-1053, 469, 3817961,-11958863,199165,47432,   16,13402,   98
 82259.700,  5903,21133,20082,  -386,   597,  -308,-1182, 469, 3817843,-11958701,199186,47433,   19,13398,   97
 82260.700,  5902,21132,20078,  -379,   595,  -299,-1202, 468, 3817724,-11958539,199207,47433,   24,13394,  100
 82261.700,  5901,21133,20068,  -359,   599,  -186,-1119, 468, 3817606,-11958377,199229,47438,   25,13392,  103
 82262.700,  5899,21133,20059,  -343,   599,  -106,-1117, 467, 3817488,-11958215,199251,47442,   29,13393,  102
 82263.700,  5895,21133,20061,  -333,   612,   -70,-1159, 467, 3817370,-11958053,199274,47453,   34,13396,  100
 82264.700,  5891,21136,20056,  -304,   632,   -15, -917, 468, 3817251,-11957891,199298,47468,   36,13403,   96
 82265.700,  5888,21136,20061,  -301,   637,     7, -998, 468, 3817133,-11957729,199322,47476,   34,13409,   91
 82266.700,  5885,21142,20060,  -293,   640,    -9, -876, 468, 3817015,-11957567,199346,47493,   17,13417,   89
 82267.700,  5883,21161,20054,  -266,   654,    44,-1082, 468, 3816897,-11957405,199371,47540,    6,13420,   89
 82268.700,  5880,21172,20066,  -275,   655,   -48,-1059, 468, 3816778,-11957243,199395,47574,   -5,13423,   83
 82269.700,  5877,21173,20075,  -286,   653,  -140,-1247, 468, 3816660,-11957081,199420,47584,  -14,13421,   81
 82270.700,  5877,21180,20064,  -281,   636,  -232,-1254, 467, 3816542,-11956919,199444,47598,  -16,13418,   86
 82271.700,  5875,21183,20069,  -292,   625,  -158,-1276, 467, 3816424,-11956757,199467,47610,  -11,13416,   87
 82272.700,  5873,21184,20078,  -304,   619,  -222,-1163, 467, 3816305,-11956594,199491,47618,   -3,13409,   85
 82273.700,  5871,21187,20083,  -317,   608,  -323,-1200, 467, 3816187,-11956432,199513,47627,   -1,13404,   86
 82274.700,  5870,21188,20080,  -318,   596,  -275,-1181, 466, 3816068,-11956269,199536,47631,    2,13397,   90
 82275.700,  5869,21190,20071,  -310,   586,  -233,-1186, 465, 3815950,-11956107,199558,47641,    8,13392,   92
 82276.700,  5867,21192,20071,  -315,   575,  -178,-1122, 465, 3815832,-11955944,199580,47647,   21,13386,   90
 82277.700,  5866,21193,20072,  -320,   566,  -136,-1104, 464, 3815714,-11955781,199602,47654,   32,13382,   91
 82278.700,  5863,21194,20073,  -328,   553,   -99,-1215, 464, 3815596,-11955619,199624,47663,   44,13376,   90
 82279.700,  5861,21194,20078,  -334,   549,  -155,-1399, 464, 3815477,-11955455,199646,47669,   47,13372,   88
 82280.700,  5858,21195,20079,  -335,   544,  -187,-1038, 463, 3815360,-11955293,199669,47676,   51,13368,   87
 82281.700,  5857,21198,20072,  -330,   533,  -231,-1126, 463, 3815241,-11955130,199692,47685,   59,13368,   88
 82282.700,  5855,21198,20072,  -333,   526,  -187,-1135, 462, 3815123,-11954967,199714,47691,   69,13368,   88
 82283.700,  5853,21200,20067,  -335,   512,  -179,-1037, 462, 3815005,-11954804,199736,47701,   72,13368,   86
 82284.700,  5851,21201,20069,  -339,   503,  -206,-1180, 461, 3814887,-11954641,199757,47708,   69,13367,   82
 82285.700,  5848,21202,20074,  -342,   500,  -257,-1173, 461, 3814768,-11954478,199776,47715,   67,13366,   81
 82286.700,  5847,21204,20071,  -340,   491,  -200,-1343, 460, 3814650,-11954315,199797,47723,   63,13366,   81
 82287.700,  5845,21207,20078,  -342,   491,  -177,-1280, 460, 3814531,-11954152,199819,47733,   73,13367,   78
 82288.700,  5843,21207,20076,  -337,   485,  -189,-1152, 460, 3814413,-11953989,199842,47739,   74,13368,   75
 82289.700,  5842,21205,20087,  -340,   488,  -178,-1088, 461, 3814294,-11953826,199862,47737,   69,13370,   71
 82290.700,  5841,21207,20084,  -336,   479,  -202,-1097, 459, 3814175,-11953662,199881,47743,   63,13371,   73
 82291.700,  5840,21209,20085,  -339,   469,  -101,-1180, 459, 3814056,-11953500,199900,47748,   59,13372,   77
 82292.700,  5838,21208,20092,  -342,   468,   -55,-1145, 459, 3813937,-11953337,199918,47752,   59,13372,   75
 82293.700,  5836,21208,20097,  -344,   464,   -29,-1356, 459, 3813819,-11953174,199936,47759,   60,13372,   73
 82294.700,  5835,21210,20098,  -347,   453,  -100,-1337, 458, 3813700,-11953011,199954,47764,   58,13370,   73
 82295.700,  5833,21209,20106,  -354,   445,  -119,-1145, 458, 3813581,-11952848,199972,47767,   55,13368,   79
 82296.700,  5832,21211,20101,  -351,   432,   -78,-1119, 457, 3813461,-11952685,199990,47775,   57,13366,   83
 82297.700,  5830,21214,20087,  -343,   414,    -1,-1180, 455, 3813342,-11952522,200007,47783,   63,13364,   84
 82298.700,  5827,21213,20094,  -346,   413,    12,-1214, 456, 3813223,-11952359,200026,47790,   67,13363,   80
 82299.700,  5824,21213,20099,  -349,   410,   -78,-1351, 456, 3813104,-11952195,200044,47796,   70,13363,   77
 82300.700,  5824,21221,20071,  -322,   387,   -35,-1136, 453, 3812985,-11952032,200064,47815,   74,13365,   79
 82301.700,  5821,21224,20062,  -309,   379,    75,-1010, 452, 3812865,-11951870,200082,47828,   73,13367,   76
 82302.700,  5819,21228,20053,  -291,   372,    84,-1091, 450, 3812746,-11951706,200101,47842,   67,13372,   61
 82303.700,  5818,21230,20054,  -285,   367,    34,-1244, 449, 3812626,-11951543,200120,47850,   65,13375,   57
 82304.700,  5817,21230,20069,  -293,   367,   -17,-1136, 450, 3812507,-11951380,200138,47852,   61,13376,   53
 82305.700,  5816,21232,20078,  -293,   365,   -57,-1358, 450, 3812387,-11951216,200155,47858,   56,13376,   52
 82306.700,  5815,21234,20090,  -295,   368,  -112,-1247, 450, 3812267,-11951053,200171,47864,   47,13375,   52
 82307.700,  5816,21237,20095,  -296,   360,  -169,-1274, 449, 3812147,-11950890,200185,47869,   48,13375,   59
 82308.700,  5816,21238,20104,  -298,   358,  -124,-1254, 450, 3812027,-11950727,200199,47872,   53,13375,   63
 82309.700,  5814,21238,20111,  -301,   353,  -186,-1185, 449, 3811907,-11950564,200212,47878,   55,13373,   65
 82310.700,  5813,21238,20119,  -302,   354,  -253,-1226, 449, 3811787,-11950400,200225,47879,   52,13372,   68
 82311.700,  5813,21238,20125,  -300,   354,  -313,-1263, 449, 3811667,-11950237,200237,47879,   49,13372,   75
 82312.700,  5811,21237,20132,  -301,   356,  -351,-1111, 449, 3811546,-11950074,200250,47882,   50,13373,   79
 82313.700,  5810,21237,20137,  -302,   354,  -354,-1216, 449, 3811426,-11949910,200263,47884,   53,13374,   83
 82314.700,  5808,21239,20136,  -305,   342,  -406,-1391, 448, 3811305,-11949746,200277,47891,   55,13375,   87
 82315.700,  5807,21239,20143,  -315,   336,  -405,-1200, 449, 3811185,-11949583,200290,47896,   53,13374,   91
 82316.700,  5804,21239,20145,  -318,   332,  -429,-1262, 448, 3811065,-11949420,200305,47903,   50,13371,   95
 82317.700,  5804,21243,20135,  -310,   321,  -430,-1291, 447, 3810944,-11949256,200320,47909,   53,13369,   99
 82318.700,  5802,21240,20150,  -321,   329,  -434,-1295, 449, 3810824,-11949092,200336,47910,   55,13369,  102
 82319.700,  5798,21240,20147,  -321,   323,  -463,-1335, 448, 3810703,-11948928,200353,47919,   65,13369,  103
 82320.700,  5797,21240,20148,  -327,   318,  -478,-1262, 448, 3810582,-11948765,200370,47921,   69,13370,  106
 82321.700,  5794,21239,20153,  -336,   316,  -523,-1199, 449, 3810462,-11948601,200388,47927,   65,13370,  108
 82322.700,  5791,21237,20159,  -342,   318,  -596,-1206, 449, 3810341,-11948438,200407,47929,   59,13371,  110
 82323.700,  5788,21236,20157,  -340,   318,  -595,-1141, 449, 3810221,-11948274,200426,47933,   58,13372,  112
 82324.700,  5787,21237,20145,  -331,   310,  -515,-1342, 448, 3810100,-11948111,200447,47937,   59,13374,  114
 82325.700,  5783,21234,20152,  -337,   315,  -472,-1284, 449, 3809980,-11947946,200468,47941,   60,13374,  112
 82326.700,  5781,21234,20143,  -332,   306,  -488,-1229, 447, 3809859,-11947783,200490,47946,   56,13375,  110
 82327.700,  5779,21234,20137,  -332,   299,  -486,-1159, 447, 3809738,-11947620,200512,47950,   51,13374,  112
 82328.700,  5776,21232,20141,  -338,   300,  -483,-1156, 448, 3809617,-11947457,200534,47954,   46,13373,  112
 82329.700,  5774,21232,20137,  -339,   292,  -456,-1160, 447, 3809497,-11947293,200558,47958,   47,13372,  111
 82330.700,  5772,21233,20126,  -336,   280,  -441,-1113, 446, 3809376,-11947130,200582,47963,   51,13371,  110
 82331.700,  5769,21232,20126,  -338,   278,  -454,-1181, 446, 3809255,-11946967,200606,47968,   55,13369,  108
 82332.700,  5766,21231,20123,  -339,   270,  -450,-1384, 446, 3809134,-11946804,200630,47974,   58,13367,  105
 82333.700,  5764,21231,20120,  -339,   264,  -440,-1118, 445, 3809013,-11946640,200653,47979,   59,13367,  103
 82334.700,  5762,21236,20106,  -338,   243,  -447,-1300, 443, 3808892,-11946477,200676,47995,   63,13366,   98
 82335.700,  5759,21237,20111,  -352,   231,  -440,-1241, 444, 3808771,-11946314,200701,48004,   68,13364,   94
 82336.700,  5757,21237,20125,  -367,   230,  -465,-1196, 446, 3808650,-11946151,200726,48007,   65,13361,   91
 82337.700,  5756,21241,20130,  -379,   220,  -515,-1034, 446, 3808529,-11945987,200749,48019,   64,13357,   88
 82338.700,  5755,21242,20142,  -396,   215,  -567,-1037, 447, 3808408,-11945824,200773,48025,   67,13354,   90
 82339.700,  5755,21243,20145,  -401,   211,  -530,-1189, 448, 3808287,-11945661,200795,48027,   80,13352,   96
 82340.700,  5753,21244,20147,  -406,   205,  -458,-1245, 448, 3808165,-11945498,200817,48036,   86,13351,   96
 82341.700,  5750,21242,20154,  -409,   207,  -532,-1057, 448, 3808045,-11945335,200838,48037,   85,13350,   94
 82342.700,  5749,21242,20152,  -402,   208,  -611,-1017, 447, 3807923,-11945172,200859,48038,   84,13352,   96
 82343.700,  5748,21240,20144,  -393,   205,  -609,-1120, 447, 3807802,-11945009,200881,48037,   87,13355,  101
 82344.700,  5747,21236,20143,  -383,   213,  -606,-1080, 446, 3807681,-11944846,200902,48032,   85,13358,  103
 82345.700,  5744,21235,20158,  -389,   226,  -590,-1044, 447, 3807559,-11944683,200923,48037,   80,13363,  104
 82346.700,  5742,21235,20146,  -381,   215,  -499,-1032, 446, 3807438,-11944520,200944,48040,   73,13367,  105
 82347.700,  5740,21231,20153,  -384,   220,  -448,-1139, 446, 3807316,-11944358,200966,48037,   64,13370,  105
 82348.700,  5738,21233,20152,  -386,   213,  -383, -949, 446, 3807194,-11944194,200987,48045,   60,13372,  105
 82349.700,  5736,21235,20149,  -395,   196,  -329, -995, 446, 3807073,-11944032,201008,48054,   53,13371,  105
 82350.700,  5731,21237,20168,  -426,   190,  -307, -952, 449, 3806950,-11943869,201030,48070,   52,13369,  106
 82351.700,  5730,21243,20173,  -451,   170,  -360,-1277, 450, 3806828,-11943707,201051,48086,   53,13363,  108
 82352.700,  5728,21246,20178,  -469,   160,  -331,-1159, 451, 3806706,-11943544,201071,48098,   55,13359,  114
 82353.700,  5727,21250,20179,  -490,   140,  -299,-1016, 452, 3806585,-11943382,201094,48111,   60,13354,  118
 82354.700,  5724,21250,20194,  -517,   135,  -285,-1156, 454, 3806463,-11943219,201111,48118,   71,13349,  120
 82355.700,  5721,21255,20195,  -541,   114,  -324,-1117, 455, 3806340,-11943057,201132,48136,   87,13341,  124
 82356.700,  5720,21257,20197,  -562,    98,  -414,-1186, 457, 3806218,-11942894,201154,48143,   88,13335,  130
 82357.700,  5717,21265,20204,  -590,    85,  -362,-1000, 459, 3806095,-11942732,201176,48167,   94,13327,  139
 82358.700,  5713,21270,20228,  -634,    81,  -354,-1107, 462, 3805973,-11942569,201198,48187,  107,13321,  141
 82359.700,  5710,21274,20248,  -660,    89,  -406,-1192, 463, 3805851,-11942407,201226,48207,  120,13317,  145
 82360.700,  5707,21281,20261,  -688,    89,  -389,-1291, 465, 3805729,-11942245,201251,48229,  128,13315,  153
 82361.700,  5704,21294,20276,  -708,   103,  -364,-1159, 466, 3805607,-11942083,201283,48265,  133,13314,  162
 82362.700,  5700,21317,20307,  -750,   119,  -318,-1137, 469, 3805485,-11941922,201310,48326,  135,13315,  170
 82363.700,  5696,21329,20329,  -798,   115,  -318,-1279, 471, 3805362,-11941760,201337,48365,  135,13315,  178
 82364.700,  5692,21342,20340,  -825,   123,  -296,-1146, 473, 3805241,-11941597,201392,48403,  136,13313,  191
 82365.700,  5688,21356,20330,  -799,   158,  -231,-1175, 472, 3805120,-11941436,201447,48445,  134,13314,  199
 82366.700,  5681,21360,20308,  -763,   188,  -209, -949, 470, 3804998,-11941275,201498,48472,  131,13327,  206
 82367.700,  5673,21362,20295,  -751,   204,  -198, -896, 470, 3804876,-11941114,201550,48493,  130,13338,  202
 82368.700,  5666,21362,20283,  -737,   224,  -422, -842, 469, 3804754,-11940953,201604,48510,  121,13353,  190
 82369.700,  5661,21362,20265,  -729,   224,  -498, -821, 469, 3804632,-11940792,201658,48522,  101,13364,  187
 82370.700,  5657,21361,20250,  -727,   224,  -505, -950, 469, 3804510,-11940633,201711,48532,   70,13376,  183
 82371.700,  5653,21359,20238,  -726,   227,  -531,-1009, 469, 3804387,-11940473,201764,48538,   56,13383,  180
 82372.700,  5648,21357,20227,  -723,   231,  -525, -891, 469, 3804265,-11940313,201816,48545,   43,13389,  174
 82373.700,  5643,21356,20217,  -719,   238,  -516,-1133, 469, 3804143,-11940154,201869,48555,   30,13393,  169
 82374.700,  5639,21354,20206,  -716,   240,  -518, -950, 468, 3804020,-11939994,201919,48559,   16,13395,  162
 82375.700,  5637,21355,20184,  -705,   232,  -476, -828, 467, 3803898,-11939836,201969,48568,   64,13395,  160
 82376.700,  5635,21353,20177,  -744,   192,  -272, -858, 468, 3803776,-11939677,202018,48568,  539,13382,  152
 82377.700,  5630,21351,20163,  -734,   191,  -192, -862, 467, 3803653,-11939518,202065,48576, 1053,13371,  140
 82378.700,  5625,21347,20172,  -750,   192,  -113, -883, 468, 3803531,-11939359,202112,48578, 1917,13379,  122
 82379.700,  5622,21346,20167,  -704,   226,  -284, -890, 467, 3803409,-11939200,202156,48584, 2180,13411,  105
 82380.700,  5625,21350,20149,  -658,   233,  -311, -910, 466, 3803285,-11939043,202199,48585, 2208,13511,  103
 82381.700,  5627,21350,20156,  -653,   233,   -84, -883, 465, 3803160,-11938888,202239,48580, 2194,13590,   91
 82382.700,  5628,21350,20165,  -624,   252,  -309, -884, 464, 3803033,-11938735,202272,48578, 2178,13734,   74
 82383.700,  5632,21353,20155,  -620,   220,  -150, -896, 463, 3802903,-11938585,202299,48575, 2169,13836,   75
 82384.700,  5631,21351,20176,  -626,   225,  -122, -887, 464, 3802773,-11938437,202330,48572, 2151,13949,   68
 82385.700,  5634,21352,20181,  -609,   228,  -213, -810, 462, 3802639,-11938291,202363,48568, 2137,14105,   71
 82386.700,  5637,21356,20171,  -592,   212,   -15, -793, 463, 3802504,-11938147,202400,48569, 2138,14230,   82
 82387.700,  5637,21356,20176,  -590,   209,    80, -794, 461, 3802365,-11938010,202421,48569, 2133,14359,   86
 82388.700,  5636,21354,20184,  -575,   224,   161, -812, 460, 3802226,-11937871,202457,48568, 2126,14506,   81
 82389.700,  5634,21353,20184,  -574,   229,    54, -860, 460, 3802086,-11937735,202479,48570, 2126,14609,   81
 82390.700,  5634,21355,20164,  -558,   230,     2, -841, 459, 3801945,-11937599,202507,48574, 2124,14749,   78
 82391.700,  5634,21356,20143,  -551,   228,  -192, -839, 458, 3801804,-11937464,202542,48578, 2108,14843,   79
 82392.700,  5635,21360,20112,  -549,   214,  -203, -813, 457, 3801663,-11937329,202563,48584, 2101,14975,   87
 82393.700,  5636,21361,20084,  -537,   221,  -194, -754, 457, 3801522,-11937195,202597,48584, 2101,15099,   94
 82394.700,  5633,21360,20063,  -550,   216,   -48, -809, 457, 3801337,-11937131,202618,48589, 2097,15188,   96
 82395.700,  5632,21362,20031,  -497,   243,    88, -799, 456, 3801197,-11937030,202638,48595, 1840,15317,   89
 82396.700,  5631,21366,19987,  -481,   229,   -61, -821, 456, 3801056,-11936927,202658,48607, 1436,15410,   93
 82397.700,  5630,21366,19964,  -446,   252,  -132, -826, 454, 3800926,-11936841,202660,48610,  662,15540,  109
 82398.700,  5624,21361,19961,  -458,   274,  -529, -919, 456, 3800808,-11936761,202667,48614,   46,15617,  128
