flight/ER2/SEAC4RS-MMS-1HZ_ER2_20130816_RA.ict
49, 1001                                                                                                                                                                                                
Bui, T. Paul                                                                                                                                                                                            
NASA Ames Research Center                                                                                                                                                                               
MMS - Meteorological Measurement System                                                                                                                                                                 
SEAC4RS                                                                                                                                                                                                 
1, 1                                                                                                                                                                                                    
2013, 08, 16, 2013, 08, 16                                                                                                                                                                              
-1                                                                                                                                                                                                      
TIME_UTC, seconds, elapsed time from 0000 UTC                                                                                                                                                           
15                                                                                                                                                                                                      
0.01, 0.01, 0.01, 0.01, 0.01, 0.001, 0.01, 0.01, 0.00001, 0.00001, 0.1, 0.01, 0.01, 0.01, 0.01                                                                                                          
-99999, -9999, -9999, -99999, -99999, -99999, -9999, -999, -9999999, -99999999, -99999, -9999, -9999, -9999, -9999                                                                                      
P, hPa, Static Pressure                                                                                                                                                                                 
T, K, Static Temperature                                                                                                                                                                                
TAS, m/s, True Air Speed                                                                                                                                                                                
U, m/s, E-W Horizontal Wind Speed                                                                                                                                                                       
[...]
DM_CONTACT_INFO: Jon Dean-Day, Bay Area Environmental Research Institute, 596 First St.                                                                                                                 
West, Sonoma, CA, 95476; email: jonathan.m.dean-day@nasa.gov                                                                                                                                            
PROJECT_INFO: SEAC4RS mission August 1 - September 30, 2013; Houston, TX                                                                                                                                
OTHER_COMMENTS:                                                                                                                                                                                         
..\cv\e_130816.cva                                                                                                                                                                                      
REVISION: RA                                                                                                                                                                                            
RA: Preliminary FIELD DATA, Not funded for 3D Winds                                                                                                                                                     
TIME_UTC, P, T, TAS, U, V, W, TEDR, REYN, G_LAT, G_LONG, G_ALT, POT, ROLL, HDG, PITCH                                                                                                                   
[from data line 18429]
 69470.200,  7307,20757,19726,-99999,-99999,-99999,-9999,-999, 3802982,-10259337,185697,43834,   44,13674,  -30
 69471.200,  7307,20749,19733,-99999,-99999,-99999,-9999,-999, 3802853,-10259185,185697,43817,   43,13674,  -33
 69472.200,  7308,20752,19739,-99999,-99999,-99999,-9999,-999, 3802724,-10259031,185697,43822,   27,13673,  -31
 69473.200,  7309,20752,19740,-99999,-99999,-99999,-9999,-999, 3802595,-10258879,185697,43820,   26,13672,  -25
 69474.200,  7310,20753,19729,-99999,-99999,-99999,-9999,-999, 3802466,-10258725,185697,43821,   37,13670,  -18
 69475.200,  7311,20753,19723,-99999,-99999,-99999,-9999,-999, 3802337,-10258572,185697,43818,   35,13672,  -17
 69476.200,  7310,20753,19723,-99999,-99999,-99999,-9999,-999, 3802208,-10258419,185697,43819,   31,13674,  -15
 69477.200,  7310,20753,19712,-99999,-99999,-99999,-9999,-999, 3802078,-10258266,185697,43820,   36,13672,  -14
 69478.200,  7310,20751,19702,-99999,-99999,-99999,-9999,-999, 3801949,-10258113,185697,43816,   39,13670,  -14
 69479.200,  7309,20754,19694,-99999,-99999,-99999,-9999,-999, 3801820,-10257960,185698,43823,   33,13669,  -15
 69480.200,  7308,20755,19683,-99999,-99999,-99999,-9999,-999, 3801691,-10257807,185699,43828,   28,13670,  -15
 69481.200,  7309,20755,19681,-99999,-99999,-99999,-9999,-999, 3801562,-10257654,185701,43826,   32,13669,  -13
 69482.200,  7310,20754,19669,-99999,-99999,-99999,-9999,-999, 3801433,-10257501,185702,43823,   35,13666,  -14
 69483.200,  7308,20751,19667,-99999,-99999,-99999,-9999,-999, 3801304,-10257348,185704,43819,   30,13665,  -16
 69484.200,  7308,20750,19662,-99999,-99999,-99999,-9999,-999, 3801175,-10257196,185705,43817,   32,13666,  -18
 69485.200,  7308,20747,19656,-99999,-99999,-99999,-9999,-999, 3801046,-10257043,185707,43812,   42,13664,  -20
 69486.200,  7308,20751,19647,-99999,-99999,-99999,-9999,-999, 3800917,-10256890,185709,43820,   36,13661,  -24
 69487.200,  7306,20747,19656,-99999,-99999,-99999,-9999,-999, 3800788,-10256737,185710,43815,   28,13662,  -26
 69488.200,  7306,20741,19659,-99999,-99999,-99999,-9999,-999, 3800659,-10256584,185712,43801,   34,13659,  -24
 69489.200,  7308,20740,19657,-99999,-99999,-99999,-9999,-999, 3800530,-10256432,185713,43796,   34,13655,  -24
 69490.200,  7307,20736,19657,-99999,-99999,-99999,-9999,-999, 3800401,-10256278,185713,43789,   34,13653,  -22
 69491.200,  7307,20735,19654,-99999,-99999,-99999,-9999,-999, 3800272,-10256126,185714,43787,   44,13646,  -20
 69492.200,  7309,20742,19639,-99999,-99999,-99999,-9999,-999, 3800143,-10255973,185714,43799,   34,13645,  -20
 69493.200,  7308,20740,19639,-99999,-99999,-99999,-9999,-999, 3800014,-10255821,185713,43797,   32,13647,  -17
 69494.200,  7308,20745,19630,-99999,-99999,-99999,-9999,-999, 3799886,-10255668,185713,43808,   29,13647,  -17
 69495.200,  7308,20744,19631,-99999,-99999,-99999,-9999,-999, 3799757,-10255516,185713,43804,   29,13647,  -19
 69496.200,  7308,20747,19612,-99999,-99999,-99999,-9999,-999, 3799628,-10255363,185713,43812,   38,13647,  -19
 69497.200,  7310,20744,19616,-99999,-99999,-99999,-9999,-999, 3799499,-10255210,185713,43802,   46,13648,  -21
 69498.200,  7306,20738,19607,-99999,-99999,-99999,-9999,-999, 3799370,-10255058,185712,43795,   35,13647,  -26
 69499.200,  7314,20748,19561,-99999,-99999,-99999,-9999,-999, 3799241,-10254905,185711,43803,   40,13641,  -22
 69500.200,  7310,20747,19590,-99999,-99999,-99999,-9999,-999, 3799112,-10254753,185709,43807,   34,13638,  -21
 69501.200,  7310,20757,19576,-99999,-99999,-99999,-9999,-999, 3798983,-10254600,185707,43828,   18,13639,  -18
 69502.200,  7313,20762,19561,-99999,-99999,-99999,-9999,-999, 3798854,-10254447,185704,43833,   29,13641,  -11
 69503.200,  7314,20757,19568,-99999,-99999,-99999,-9999,-999, 3798725,-10254295,185700,43821,   49,13644,   -9
 69504.200,  7314,20751,19595,-99999,-99999,-99999,-9999,-999, 3798597,-10254142,185697,43809,   33,13646,    1
 69505.200,  7315,20748,19596,-99999,-99999,-99999,-9999,-999, 3798468,-10253990,185694,43801,   36,13648,    8
 69506.200,  7313,20742,19595,-99999,-99999,-99999,-9999,-999, 3798339,-10253837,185692,43792,   36,13644,    8
 69507.200,  7313,20746,19587,-99999,-99999,-99999,-9999,-999, 3798210,-10253684,185691,43801,   30,13642,    7
 69508.200,  7312,20754,19584,-99999,-99999,-99999,-9999,-999, 3798081,-10253532,185691,43819,   21,13645,    9
 69509.200,  7309,20752,19575,-99999,-99999,-99999,-9999,-999, 3797952,-10253380,185692,43819,   30,13646,   11
 69510.200,  7310,20749,19566,-99999,-99999,-99999,-9999,-999, 3797823,-10253227,185694,43812,   38,13642,    8
 69511.200,  7307,20746,19572,-99999,-99999,-99999,-9999,-999, 3797694,-10253075,185696,43811,   37,13640,    4
 69512.200,  7306,20746,19571,-99999,-99999,-99999,-9999,-999, 3797566,-10252923,185698,43813,   32,13641,    0
 69513.200,  7305,20745,19571,-99999,-99999,-99999,-9999,-999, 3797437,-10252770,185701,43813,   34,13641,   -4
 69514.200,  7305,20744,19563,-99999,-99999,-99999,-9999,-999, 3797308,-10252619,185704,43810,   36,13640,   -7
 69515.200,  7305,20745,19564,-99999,-99999,-99999,-9999,-999, 3797180,-10252466,185707,43812,   37,13638,  -11
 69516.200,  7304,20744,19560,-99999,-99999,-99999,-9999,-999, 3797051,-10252314,185710,43812,   29,13637,  -14
 69517.200,  7304,20745,19549,-99999,-99999,-99999,-9999,-999, 3796923,-10252162,185712,43813,   28,13637,  -16
 69518.200,  7303,20744,19559,-99999,-99999,-99999,-9999,-999, 3796794,-10252010,185714,43813,   32,13637,  -18
 69519.200,  7305,20742,19553,-99999,-99999,-99999,-9999,-999, 3796666,-10251858,185715,43806,   38,13635,  -19
 69520.200,  7306,20743,19546,-99999,-99999,-99999,-9999,-999, 3796537,-10251706,185716,43806,   38,13632,  -19
 69521.200,  7306,20744,19544,-99999,-99999,-99999,-9999,-999, 3796409,-10251554,185717,43809,   33,13632,  -17
 69522.200,  7306,20740,19552,-99999,-99999,-99999,-9999,-999, 3796280,-10251402,185718,43801,   32,13634,  -15
 69523.200,  7305,20736,19564,-99999,-99999,-99999,-9999,-999, 3796151,-10251250,185719,43793,   40,13632,  -13
 69524.200,  7306,20734,19570,-99999,-99999,-99999,-9999,-999, 3796023,-10251098,185720,43788,   41,13628,  -14
 69525.200,  7306,20733,19577,-99999,-99999,-99999,-9999,-999, 3795894,-10250946,185721,43786,   35,13625,  -13
 69526.200,  7306,20731,19579,-99999,-99999,-99999,-9999,-999, 3795766,-10250794,185722,43781,   24,13625,  -11
 69527.200,  7306,20732,19583,-99999,-99999,-99999,-9999,-999, 3795637,-10250642,185723,43783,   28,13624,   -7
 69528.200,  7307,20733,19579,-99999,-99999,-99999,-9999,-999, 3795456,-10250431,185721,43783,   29,13622,   -2
 69529.200,  7305,20733,19583,-99999,-99999,-99999,-9999,-999, 3795342,-10250286,185723,43788,   35,13619,    1
 69530.200,  7305,20732,19602,-99999,-99999,-99999,-9999,-999, 3795216,-10250143,185732,43785,   37,13621,    1
 69531.200,  7303,20732,19610,-99999,-99999,-99999,-9999,-999, 3795097,-10250009,185726,43788,   30,13625,   -5
 69532.200,  7300,20728,19642,-99999,-99999,-99999,-9999,-999, 3794969,-10249858,185727,43784,   35,13625,   -4
 69533.200,  7301,20730,19639,-99999,-99999,-99999,-9999,-999, 3794845,-10249707,185726,43786,   41,13627,   -7
 69534.200,  7299,20730,19657,-99999,-99999,-99999,-9999,-999, 3794721,-10249565,185732,43790,   37,13632,   -8
 69535.200,  7299,20733,19662,-99999,-99999,-99999,-9999,-999, 3794594,-10249414,185735,43797,   34,13636,   -8
 69536.200,  7299,20733,19670,-99999,-99999,-99999,-9999,-999, 3794465,-10249261,185736,43799,   39,13640,   -6
 69537.200,  7298,20734,19682,-99999,-99999,-99999,-9999,-999, 3794343,-10249114,185734,43800,   37,13641,   -4
 69538.200,  7299,20737,19682,-99999,-99999,-99999,-9999,-999, 3794214,-10248962,185736,43804,   31,13644,   -2
 69539.200,  7299,20737,19687,-99999,-99999,-99999,-9999,-999, 3794086,-10248810,185737,43805,   31,13646,   -3
 69540.200,  7299,20740,19686,-99999,-99999,-99999,-9999,-999, 3793958,-10248657,185739,43811,   36,13646,   -3
 69541.200,  7298,20740,19697,-99999,-99999,-99999,-9999,-999, 3793829,-10248506,185740,43813,   37,13648,   -4
 69542.200,  7297,20740,19705,-99999,-99999,-99999,-9999,-999, 3793700,-10248352,185740,43815,   39,13652,   -4
 69543.200,  7296,20738,19708,-99999,-99999,-99999,-9999,-999, 3793573,-10248204,185740,43813,   43,13656,   -6
 69544.200,  7297,20738,19719,-99999,-99999,-99999,-9999,-999, 3793443,-10248050,185741,43811,   44,13655,   -8
 69545.200,  7296,20737,19732,-99999,-99999,-99999,-9999,-999, 3793314,-10247898,185742,43812,   38,13655,   -9
 69546.200,  7295,20735,19750,-99999,-99999,-99999,-9999,-999, 3793185,-10247745,185742,43807,   34,13657,   -6
 69547.200,  7296,20738,19750,-99999,-99999,-99999,-9999,-999, 3793055,-10247592,185743,43811,   38,13660,   -6
 69548.200,  7297,20739,19752,-99999,-99999,-99999,-9999,-999, 3792927,-10247439,185743,43814,   36,13660,   -9
 69549.200,  7294,20737,19778,-99999,-99999,-99999,-9999,-999, 3792798,-10247287,185744,43812,   27,13660,   -6
 69550.200,  7296,20737,19781,-99999,-99999,-99999,-9999,-999, 3792668,-10247135,185745,43811,   29,13660,   -3
 69551.200,  7296,20739,19791,-99999,-99999,-99999,-9999,-999, 3792538,-10246981,185746,43814,   35,13660,   -2
 69552.200,  7295,20740,19793,-99999,-99999,-99999,-9999,-999, 3792409,-10246829,185746,43817,   34,13662,   -2
 69553.200,  7294,20740,19800,-99999,-99999,-99999,-9999,-999, 3792279,-10246675,185747,43821,   31,13666,    0
 69554.200,  7294,20742,19797,-99999,-99999,-99999,-9999,-999, 3792149,-10246523,185747,43824,   31,13668,    1
 69555.200,  7295,20744,19799,-99999,-99999,-99999,-9999,-999, 3792020,-10246369,185748,43828,   38,13670,   -1
 69556.200,  7294,20746,19795,-99999,-99999,-99999,-9999,-999, 3791890,-10246216,185749,43832,   40,13673,   -6
 69557.200,  7292,20746,19800,-99999,-99999,-99999,-9999,-999, 3791760,-10246063,185749,43837,   36,13676,  -10
 69558.200,  7292,20748,19805,-99999,-99999,-99999,-9999,-999, 3791631,-10245909,185750,43842,   30,13681,  -14
 69559.200,  7293,20751,19798,-99999,-99999,-99999,-9999,-999, 3791494,-10245752,185750,43845,   29,13683,  -16
 69560.200,  7292,20749,19811,-99999,-99999,-99999,-9999,-999, 3791343,-10245580,185751,43844,   32,13685,  -19
 69561.200,  7294,20749,19818,-99999,-99999,-99999,-9999,-999, 3791230,-10245435,185751,43841,   34,13686,  -20
 69562.200,  7293,20750,19822,-99999,-99999,-99999,-9999,-999, 3791101,-10245291,185754,43843,   33,13688,  -22
 69563.200,  7294,20750,19836,-99999,-99999,-99999,-9999,-999, 3790976,-10245141,185756,43841,   32,13690,  -21
 69564.200,  7293,20748,19850,-99999,-99999,-99999,-9999,-999, 3790848,-10244987,185758,43839,   36,13692,  -21
 69565.200,  7293,20746,19868,-99999,-99999,-99999,-9999,-999, 3790717,-10244834,185759,43834,   38,13690,  -20
 69566.200,  7293,20745,19894,-99999,-99999,-99999,-9999,-999, 3790588,-10244680,185760,43831,   38,13690,  -21
 69567.200,  7292,20738,19929,-99999,-99999,-99999,-9999,-999, 3790458,-10244527,185761,43820,   41,13688,  -20
 69568.200,  7291,20737,19947,-99999,-99999,-99999,-9999,-999, 3790329,-10244374,185761,43819,   36,13685,  -20
 69569.200,  7291,20733,19973,-99999,-99999,-99999,-9999,-999, 3790199,-10244219,185762,43811,   34,13684,  -19
 69570.200,  7289,20730,19996,-99999,-99999,-99999,-9999,-999, 3790069,-10244066,185762,43807,   31,13682,  -19
 69571.200,  7288,20728,20012,-99999,-99999,-99999,-9999,-999, 3789938,-10243912,185765,43805,   30,13680,  -20
 69572.200,  7284,20723,20041,-99999,-99999,-99999,-9999,-999, 3789809,-10243759,185771,43801,   26,13677,  -23
 69573.200,  7283,20720,20055,-99999,-99999,-99999,-9999,-999, 3789679,-10243605,185775,43797,   28,13672,  -29
 69574.200,  7282,20720,20058,-99999,-99999,-99999,-9999,-999, 3789548,-10243450,185777,43800,   27,13670,  -34
 69575.200,  7281,20720,20065,-99999,-99999,-99999,-9999,-999, 3789417,-10243296,185781,43802,   29,13669,  -42
 69576.200,  7280,20719,20077,-99999,-99999,-99999,-9999,-999, 3789287,-10243142,185782,43800,   32,13668,  -47
 69577.200,  7278,20717,20095,-99999,-99999,-99999,-9999,-999, 3789156,-10242987,185786,43798,   41,13667,  -52
 69578.200,  7279,20718,20103,-99999,-99999,-99999,-9999,-999, 3789026,-10242834,185792,43799,   41,13668,  -57
 69579.200,  7280,20716,20119,-99999,-99999,-99999,-9999,-999, 3788895,-10242680,185795,43793,   40,13670,  -62
 69580.200,  7280,20712,20148,-99999,-99999,-99999,-9999,-999, 3788764,-10242526,185797,43785,   39,13671,  -67
 69581.200,  7280,20711,20159,-99999,-99999,-99999,-9999,-999, 3788633,-10242371,185800,43784,   38,13670,  -68
 69582.200,  7281,20711,20171,-99999,-99999,-99999,-9999,-999, 3788502,-10242217,185802,43781,   34,13668,  -67
 69583.200,  7285,20713,20172,-99999,-99999,-99999,-9999,-999, 3788370,-10242062,185804,43779,   37,13667,  -64
 69584.200,  7285,20713,20186,-99999,-99999,-99999,-9999,-999, 3788239,-10241908,185804,43779,   39,13667,  -60
 69585.200,  7287,20714,20190,-99999,-99999,-99999,-9999,-999, 3788107,-10241753,185804,43778,   43,13667,  -55
 69586.200,  7287,20714,20204,-99999,-99999,-99999,-9999,-999, 3787976,-10241598,185805,43777,   45,13667,  -53
 69587.200,  7286,20715,20209,-99999,-99999,-99999,-9999,-999, 3787845,-10241444,185806,43782,   39,13669,  -51
 69588.200,  7286,20716,20217,-99999,-99999,-99999,-9999,-999, 3787713,-10241288,185806,43782,   35,13670,  -49
 69589.200,  7287,20715,20229,-99999,-99999,-99999,-9999,-999, 3787582,-10241133,185806,43780,   35,13670,  -46
 69590.200,  7287,20716,20233,-99999,-99999,-99999,-9999,-999, 3787450,-10240978,185807,43782,   40,13668,  -44
 69591.200,  7287,20719,20232,-99999,-99999,-99999,-9999,-999, 3787319,-10240823,185808,43788,   40,13669,  -45
 69592.200,  7286,20720,20239,-99999,-99999,-99999,-9999,-999, 3787187,-10240668,185808,43792,   33,13672,  -47
 69593.200,  7285,20720,20250,-99999,-99999,-99999,-9999,-999, 3787055,-10240513,185809,43794,   29,13673,  -46
 69594.200,  7284,20721,20254,-99999,-99999,-99999,-9999,-999, 3786923,-10240357,185810,43797,   32,13672,  -48
 69595.200,  7283,20721,20257,-99999,-99999,-99999,-9999,-999, 3786791,-10240203,185811,43799,   39,13673,  -50
 69596.200,  7283,20723,20260,-99999,-99999,-99999,-9999,-999, 3786659,-10240047,185812,43804,   40,13677,  -54
 69597.200,  7282,20725,20264,-99999,-99999,-99999,-9999,-999, 3786527,-10239891,185813,43809,   39,13681,  -58
 69598.200,  7281,20723,20279,-99999,-99999,-99999,-9999,-999, 3786395,-10239736,185815,43807,   41,13684,  -63
 69599.200,  7280,20721,20300,-99999,-99999,-99999,-9999,-999, 3786263,-10239580,185816,43804,   44,13683,  -67
 69600.200,  7284,20723,20302,-99999,-99999,-99999,-9999,-999, 3786130,-10239424,185815,43803,   43,13683,  -67
 69601.200,  7284,20719,20325,-99999,-99999,-99999,-9999,-999, 3785998,-10239269,185815,43794,   43,13683,  -69
 69602.200,  7283,20716,20352,-99999,-99999,-99999,-9999,-999, 3785865,-10239113,185815,43787,   41,13680,  -68
 69603.200,  7283,20713,20372,-99999,-99999,-99999,-9999,-999, 3785733,-10238957,185814,43782,   36,13677,  -69
 69604.200,  7285,20716,20377,-99999,-99999,-99999,-9999,-999, 3785600,-10238801,185814,43787,   30,13678,  -69
 69605.200,  7285,20719,20379,-99999,-99999,-99999,-9999,-999, 3785468,-10238645,185814,43791,   30,13679,  -66
 69606.200,  7287,20721,20381,-99999,-99999,-99999,-9999,-999, 3785335,-10238489,185814,43793,   39,13677,  -62
 69607.200,  7287,20724,20383,-99999,-99999,-99999,-9999,-999, 3785203,-10238333,185812,43798,   38,13676,  -61
 69608.200,  7288,20728,20376,-99999,-99999,-99999,-9999,-999, 3785070,-10238177,185810,43805,   36,13678,  -60
 69609.200,  7289,20733,20362,-99999,-99999,-99999,-9999,-999, 3784937,-10238021,185805,43815,   32,13681,  -59
 69610.200,  7287,20735,20363,-99999,-99999,-99999,-9999,-999, 3784804,-10237864,185804,43822,   33,13682,  -58
 69611.200,  7288,20737,20357,-99999,-99999,-99999,-9999,-999, 3784671,-10237708,185803,43825,   34,13681,  -58
