flight/ER2/SEAC4RS-MMS-1HZ_ER2_20130806_RA.ict
49, 1001                                                                                                                                                                                                
Bui, T. Paul                                                                                                                                                                                            
NASA Ames Research Center                                                                                                                                                                               
MMS - Meteorological Measurement System                                                                                                                                                                 
SEAC4RS                                                                                                                                                                                                 
1, 1                                                                                                                                                                                                    
2013, 08, 06, 2013, 08, 07                                                                                                                                                                              
-1                                                                                                                                                                                                      
TIME_UTC, seconds, elapsed time from 0000 UTC                                                                                                                                                           
15                                                                                                                                                                                                      
0.01, 0.01, 0.01, 0.01, 0.01, 0.001, 0.01, 0.01, 0.00001, 0.00001, 0.1, 0.01, 0.01, 0.01, 0.01                                                                                                          
-99999, -9999, -9999, -99999, -99999, -99999, -9999, -999, -9999999, -99999999, -99999, -9999, -9999, -9999, -9999                                                                                      
P, hPa, Static Pressure                                                                                                                                                                                 
T, K, Static Temperature                                                                                                                                                                                
TAS, m/s, True Air Speed                                                                                                                                                                                
U, m/s, E-W Horizontal Wind Speed                                                                                                                                                                       
[...]
DM_CONTACT_INFO: Jon Dean-Day, Bay Area Environmental Research Institute, 596 First St.                                                                                                                 
West, Sonoma, CA, 95476; email: jonathan.m.dean-day@nasa.gov                                                                                                                                            
PROJECT_INFO: SEAC4RS mission August 1 - September 30, 2013; Houston, TX                                                                                                                                
OTHER_COMMENTS:                                                                                                                                                                                         
..\cv\e_130806.cva                                                                                                                                                                                      
REVISION: RA                                                                                                                                                                                            
RA: FIELD DATA                                                                                                                                                                                          
TIME_UTC, P, T, TAS, U, V, W, TEDR, REYN, G_LAT, G_LONG, G_ALT, POT, ROLL, HDG, PITCH                                                                                                                   
[from data line 28001]
 91494.650,  6051,21355,21226,  -395,   255,    60,-1079, 451, 3649871,-12017606,197408,47594,   33,11813,  -43
 91495.650,  6050,21352,21238,  -405,   260,   111,-1016, 452, 3649786,-12017401,197407,47590,   30,11813,  -44
 91496.650,  6051,21353,21237,  -401,   260,   116,-1086, 451, 3649701,-12017195,197407,47589,   27,11814,  -43
 91497.650,  6051,21352,21240,  -405,   258,   144,-1042, 452, 3649617,-12016989,197406,47587,   27,11814,  -43
 91498.650,  6050,21351,21244,  -409,   258,   159,-1093, 452, 3649532,-12016783,197405,47586,   28,11813,  -44
 91499.650,  6051,21349,21247,  -409,   261,   168,-1026, 452, 3649447,-12016577,197405,47581,   30,11813,  -45
 91500.650,  6050,21349,21250,  -406,   267,   159,-1141, 452, 3649362,-12016372,197404,47582,   31,11814,  -44
 91501.650,  6051,21350,21248,  -401,   270,   183,-1002, 452, 3649277,-12016166,197404,47582,   32,11816,  -42
 91502.650,  6050,21348,21259,  -410,   275,   199,-1007, 453, 3649192,-12015960,197403,47580,   32,11818,  -42
 91503.650,  6051,21350,21254,  -402,   277,   188,-1155, 452, 3649107,-12015754,197403,47583,   32,11819,  -41
 91504.650,  6051,21350,21258,  -402,   284,   213,-1007, 453, 3649023,-12015549,197402,47582,   31,11819,  -40
 91505.650,  6050,21349,21264,  -402,   295,   254,-1131, 453, 3648938,-12015343,197402,47583,   29,11820,  -40
 91506.650,  6049,21349,21268,  -402,   303,   244,-1054, 454, 3648853,-12015137,197402,47583,   27,11821,  -40
 91507.650,  6049,21348,21274,  -404,   310,   256, -955, 454, 3648768,-12014931,197402,47582,   26,11825,  -40
 91508.650,  6049,21346,21281,  -412,   310,   240,-1103, 455, 3648691,-12014745,197401,47578,   27,11826,  -41
 91509.650,  6048,21345,21283,  -416,   304,   211,-1044, 455, 3648621,-12014577,197401,47578,   28,11826,  -40
 91510.650,  6047,21344,21285,  -416,   307,   179,-1258, 455, 3648559,-12014424,197401,47578,   28,11825,  -41
 91511.650,  6047,21345,21282,  -410,   309,   137,-1162, 455, 3648545,-12014237,197401,47579,   28,11823,  -43
 91512.650,  6046,21344,21281,  -409,   310,    98,-1017, 455, 3648500,-12014100,197401,47579,   26,11824,  -44
 91513.650,  6047,21344,21275,  -403,   303,    30, -896, 454, 3648439,-12013974,197400,47578,   25,11826,  -44
 91514.650,  6047,21344,21273,  -404,   294,    47,-1061, 454, 3648397,-12013851,197400,47577,   30,11826,  -45
 91515.650,  6047,21342,21275,  -408,   287,    45, -944, 453, 3648347,-12013734,197399,47573,   33,11824,  -49
 91516.650,  6046,21341,21278,  -408,   288,    59,-1183, 454, 3648295,-12013636,197401,47572,   35,11822,  -51
 91517.650,  6047,21342,21272,  -398,   291,    11, -997, 453, 3648256,-12013526,197401,47573,   31,11822,  -53
 91518.650,  6048,21341,21273,  -402,   277,     0,-1061, 453, 3648216,-12013416,197401,47570,   26,11824,  -52
 91519.650,  6048,21340,21278,  -409,   270,    50,-1061, 453, 3648180,-12013317,197401,47566,   25,11823,  -53
 91520.650,  6048,21339,21279,  -410,   266,    67,-1093, 453, 3648148,-12013226,197401,47564,   27,11819,  -55
 91521.650,  6048,21337,21285,  -414,   264,    80,-1156, 453, 3648119,-12013144,197401,47561,   25,11816,  -56
 91522.650,  6049,21337,21286,  -413,   260,    47, -928, 453, 3648092,-12013071,197401,47559,   27,11815,  -57
 91523.650,  6049,21334,21295,  -422,   255,    57, -901, 453, 3648068,-12013004,197401,47550,   30,11814,  -55
 91524.650,  6050,21330,21300,  -430,   246,   117,-1152, 453, 3648028,-12011717,197407,47541,   33,11813,  -52
 91525.650,  6050,21327,21304,  -436,   239,   136,-1085, 453, 3647234,-12011169,197406,47532,   35,11812,  -50
 91526.650,  6050,21322,21312,  -446,   234,   140,-1340, 454, 3647150,-12010965,197406,47521,   34,11810,  -50
 91527.650,  6050,21320,21319,  -452,   232,   102,-1119, 454, 3647067,-12010760,197406,47518,   35,11809,  -49
 91528.650,  6049,21320,21323,  -452,   236,   157, -921, 455, 3646983,-12010555,197406,47519,   33,11808,  -50
 91529.650,  6049,21318,21330,  -456,   241,    98,-1165, 455, 3646900,-12010350,197407,47514,   27,11808,  -51
 91530.650,  6050,21319,21326,  -449,   242,    41,-1230, 455, 3646816,-12010145,197407,47515,   26,11810,  -49
 91531.650,  6050,21318,21324,  -449,   237,    69, -997, 455, 3646732,-12009941,197407,47514,   26,11811,  -45
 91532.650,  6050,21319,21329,  -455,   235,    87, -985, 454, 3646657,-12009755,197407,47516,   31,11811,  -44
 91533.650,  6049,21322,21332,  -451,   248,   104,-1052, 455, 3646589,-12009588,197407,47524,   32,11810,  -47
 91534.650,  6048,21323,21337,  -449,   259,   114,-1133, 455, 3646527,-12009436,197407,47529,   30,11811,  -49
 91535.650,  6048,21324,21333,  -446,   254,   105,-1011, 455, 3646471,-12009299,197407,47530,   27,11814,  -51
 91536.650,  6050,21324,21335,  -446,   253,    61,-1126, 455, 3646420,-12009175,197407,47527,   29,11815,  -50
 91537.650,  6050,21324,21335,  -447,   249,   100,-1030, 455, 3646374,-12009062,197407,47526,   34,11815,  -48
 91538.650,  6049,21319,21349,  -463,   244,   119, -975, 456, 3646333,-12008961,197407,47518,   38,11814,  -51
 91539.650,  6049,21320,21358,  -469,   250,    58,-1061, 456, 3646295,-12008869,197407,47521,   32,11813,  -52
 91540.650,  6048,21319,21358,  -467,   251,    73,-1077, 456, 3646261,-12008786,197407,47519,   22,11813,  -53
 91541.650,  6049,21313,21366,  -482,   235,    62,-1065, 457, 3646230,-12008710,197407,47505,   22,11813,  -56
 91542.650,  6049,21310,21373,  -492,   228,    18,-1121, 457, 3646203,-12008642,197407,47499,   29,11810,  -55
 91543.650,  6051,21311,21360,  -478,   222,     5,-1284, 456, 3646177,-12008580,197407,47496,   29,11804,  -54
 91544.650,  6051,21309,21363,  -480,   221,    24,-1272, 456, 3646474,-12007608,197407,47491,   27,11801,  -53
 91545.650,  6051,21307,21357,  -474,   217,    60,-1324, 456, 3645495,-12007001,197408,47488,   25,11800,  -52
 91546.650,  6052,21307,21344,  -463,   208,    44,-1320, 454, 3645411,-12006796,197408,47485,   25,11799,  -49
 91547.650,  6052,21305,21336,  -458,   203,    86,-1179, 454, 3645328,-12006591,197408,47481,   26,11798,  -46
 91548.650,  6052,21303,21331,  -455,   201,   126,-1365, 453, 3645244,-12006387,197408,47476,   27,11797,  -44
 91549.650,  6051,21302,21324,  -451,   198,   163,-1223, 453, 3645161,-12006182,197408,47475,   27,11797,  -41
 91550.650,  6052,21302,21311,  -442,   192,   198,-1277, 452, 3645077,-12005977,197408,47474,   27,11797,  -41
 91551.650,  6050,21301,21311,  -443,   191,   207,-1268, 452, 3644994,-12005773,197408,47475,   24,11797,  -42
 91552.650,  6050,21305,21309,  -440,   194,   218,-1158, 452, 3644918,-12005587,197408,47483,   23,11797,  -43
 91553.650,  6050,21308,21315,  -443,   205,   222,-1189, 453, 3644850,-12005419,197408,47492,   23,11798,  -45
 91554.650,  6049,21309,21319,  -445,   213,   292,-1148, 453, 3644689,-12005081,197409,47496,   23,11800,  -46
 91555.650,  6048,21317,21315,  -434,   227,   312,-1171, 453, 3644607,-12004878,197409,47515,   22,11804,  -49
 91556.650,  6049,21324,21300,  -409,   244,   325, -977, 451, 3644524,-12004676,197409,47527,   28,11808,  -50
 91557.650,  6048,21324,21303,  -404,   259,   327, -991, 452, 3644442,-12004473,197409,47531,   31,11811,  -52
 91558.650,  6048,21327,21299,  -390,   275,   284,-1045, 451, 3644359,-12004270,197409,47537,   31,11815,  -54
 91559.650,  6048,21327,21298,  -387,   279,   260, -951, 452, 3644277,-12004068,197409,47538,   32,11819,  -55
 91560.650,  6048,21329,21295,  -383,   278,   250, -987, 451, 3644201,-12003904,197409,47541,   33,11822,  -57
 91561.650,  6048,21328,21302,  -381,   295,   260, -946, 452, 3644117,-12003700,197409,47540,   33,11823,  -59
 91562.650,  6048,21328,21305,  -382,   295,   231,-1112, 452, 3644034,-12003495,197409,47540,   25,11826,  -64
 91563.650,  6048,21328,21310,  -382,   300,   198,-1261, 452, 3643950,-12003291,197409,47541,   25,11828,  -66
 91564.650,  6049,21329,21309,  -375,   306,   212, -864, 452, 3643887,-12003139,197410,47539,   27,11828,  -67
 91565.650,  6050,21328,21316,  -379,   306,   199, -813, 453, 3643815,-12002959,197410,47536,   30,11829,  -68
 91566.650,  6051,21329,21315,  -377,   304,   201, -975, 452, 3643730,-12002753,197410,47537,   34,11829,  -68
 91567.650,  6051,21328,21324,  -379,   311,   178, -931, 453, 3643644,-12002547,197410,47534,   33,11830,  -68
 91568.650,  6052,21330,21317,  -367,   313,   121,-1049, 452, 3643559,-12002341,197410,47536,   32,11831,  -68
 91569.650,  6054,21332,21312,  -359,   314,   130, -903, 452, 3643474,-12002134,197410,47535,   28,11836,  -61
 91570.650,  6054,21331,21317,  -366,   308,   142, -997, 452, 3643389,-12001929,197410,47533,   33,11837,  -57
 91571.650,  6054,21329,21328,  -378,   307,   104,-1098, 453, 3643304,-12001723,197410,47529,   36,11836,  -54
 91572.650,  6056,21331,21319,  -369,   305,   128,-1165, 452, 3643227,-12001536,197410,47530,   36,11834,  -48
 91573.650,  6054,21329,21328,  -374,   316,   115,-1131, 452, 3643157,-12001367,197410,47529,   28,11836,  -46
 91574.650,  6054,21329,21329,  -377,   315,   127,-1103, 453, 3642982,-12000958,197410,47527,   24,11838,  -44
 91575.650,  6054,21328,21328,  -380,   310,    99,-1081, 453, 3642921,-12000825,197411,47528,   28,11839,  -43
 91576.650,  6053,21325,21339,  -392,   314,    94,-1034, 454, 3642837,-12000621,197411,47523,   33,11837,  -41
 91577.650,  6053,21328,21325,  -379,   314,   146, -996, 453, 3642752,-12000415,197411,47528,   34,11836,  -40
 91578.650,  6053,21327,21326,  -380,   315,    74, -888, 453, 3642668,-12000210,197411,47528,   27,11837,  -41
 91579.650,  6051,21326,21329,  -381,   323,    97, -915, 453, 3642583,-12000005,197411,47528,   27,11838,  -41
 91580.650,  6052,21328,21323,  -375,   326,   130, -999, 453, 3642499,-11999800,197411,47531,   27,11839,  -43
 91581.650,  6053,21329,21317,  -364,   337,   101, -879, 453, 3642414,-11999594,197411,47531,   28,11841,  -43
 91582.650,  6052,21329,21312,  -358,   341,   128, -784, 453, 3642338,-11999408,197411,47533,   30,11844,  -41
 91583.650,  6053,21328,21311,  -359,   340,   188, -965, 453, 3642268,-11999240,197411,47530,   33,11847,  -42
 91584.650,  6051,21327,21311,  -363,   335,   171, -979, 453, 3642096,-11998846,197411,47531,   33,11848,  -45
 91585.650,  6051,21327,21307,  -358,   339,   197, -787, 453, 3642047,-11998658,197411,47531,   30,11847,  -46
 91586.650,  6051,21327,21306,  -354,   345,   227, -948, 453, 3641964,-11998456,197411,47532,   26,11846,  -48
 91587.650,  6051,21327,21305,  -352,   347,   247, -774, 453, 3641882,-11998254,197411,47531,   25,11848,  -48
 91588.650,  6051,21327,21303,  -349,   349,   302, -858, 453, 3641799,-11998052,197411,47531,   28,11850,  -49
 91589.650,  6051,21328,21297,  -344,   348,   270, -934, 453, 3641716,-11997850,197411,47532,   31,11852,  -50
 91590.650,  6051,21326,21299,  -337,   360,   311, -794, 453, 3641634,-11997648,197412,47531,   33,11852,  -51
 91591.650,  6051,21328,21290,  -334,   360,   282,-1016, 452, 3641559,-11997466,197412,47535,   32,11854,  -52
 91592.650,  6051,21328,21288,  -353,   352,   169, -820, 454, 3641407,-11997194,197408,47533,   29,11857,  -52
 91593.650,  6051,21328,21288,  -340,   364,   329, -913, 453, 3641396,-11997148,197376,47534,   29,11860,  -53
 91594.650,  6051,21328,21286,  -333,   368,   351, -735, 454, 3641334,-11996970,197360,47533,   34,11861,  -54
 91595.650,  6051,21328,21284,  -313,   382,   355, -840, 453, 3641248,-11996775,197393,47532,   30,11863,  -56
 91596.650,  6051,21326,21286,  -315,   381,   345, -864, 453, 3641168,-11996572,197434,47531,   24,11867,  -55
 91597.650,  6051,21324,21296,  -324,   379,   294, -747, 454, 3641086,-11996373,197413,47525,   26,11868,  -54
 91598.650,  6050,21324,21295,  -325,   372,   254, -670, 453, 3641002,-11996169,197417,47525,   29,11866,  -53
 91599.650,  6052,21326,21284,  -315,   365,   184, -765, 452, 3640917,-11995964,197428,47525,   29,11863,  -49
 91600.650,  6052,21325,21279,  -306,   374,   193, -691, 453, 3640833,-11995761,197413,47525,   24,11861,  -49
 91601.650,  6053,21324,21284,  -313,   372,   206,-1012, 452, 3640748,-11995556,197413,47520,   25,11861,  -49
 91602.650,  6052,21323,21288,  -318,   372,   157, -733, 452, 3640663,-11995351,197418,47518,   26,11860,  -49
 91603.650,  6053,21322,21285,  -322,   361,   192, -937, 452, 3640578,-11995146,197419,47516,   30,11858,  -48
 91604.650,  6052,21322,21282,  -322,   357,   174, -892, 452, 3640493,-11994940,197411,47517,   32,11856,  -48
 91605.650,  6053,21322,21282,  -317,   364,   238, -919, 453, 3640408,-11994734,197413,47516,   28,11855,  -49
 91606.650,  6052,21321,21280,  -322,   355,   193, -828, 452, 3640323,-11994529,197411,47515,   26,11856,  -49
 91607.650,  6052,21321,21281,  -324,   355,   176, -812, 452, 3640238,-11994324,197405,47514,   27,11855,  -48
 91608.650,  6053,21320,21274,  -317,   353,   184, -902, 451, 3640152,-11994119,197402,47513,   26,11854,  -48
 91609.650,  6053,21322,21266,  -308,   356,   222, -857, 451, 3640067,-11993913,197402,47513,   24,11854,  -46
 91610.650,  6052,21320,21271,  -309,   364,   226, -985, 451, 3639982,-11993707,197399,47513,   24,11855,  -46
 91611.650,  6052,21320,21274,  -305,   380,   210,-1033, 453, 3639896,-11993502,197399,47515,   26,11859,  -44
 91612.650,  6053,21321,21276,  -302,   393,   262, -919, 453, 3639811,-11993296,197399,47514,   30,11862,  -43
 91613.650,  6051,21319,21288,  -308,   406,   243, -975, 454, 3639726,-11993090,197398,47514,   33,11866,  -47
 91614.650,  6050,21321,21288,  -301,   421,   223,-1177, 455, 3639640,-11992884,197398,47519,   35,11869,  -49
 91615.650,  6050,21321,21289,  -301,   422,   260,-1034, 456, 3639554,-11992678,197397,47521,   35,11870,  -51
 91616.650,  6051,21324,21278,  -290,   418,   260,-1354, 454, 3639469,-11992472,197397,47526,   28,11871,  -55
 91617.650,  6050,21325,21274,  -286,   415,   216,-1047, 454, 3639383,-11992266,197396,47528,   23,11872,  -56
 91618.650,  6051,21326,21267,  -276,   414,   252,-1382, 453, 3639306,-11992080,197396,47529,   20,11872,  -55
 91619.650,  6051,21327,21263,  -270,   416,   255,-1096, 453, 3639236,-11991912,197396,47530,   21,11872,  -55
 91620.650,  6051,21327,21261,  -263,   420,   284,-1248, 453, 3639173,-11991760,197396,47530,   27,11873,  -54
 91621.650,  6052,21328,21250,  -250,   420,   237,-1037, 453, 3639115,-11991622,197396,47532,   31,11874,  -53
 91622.650,  6052,21329,21244,  -242,   421,   268,-1078, 453, 3638881,-11991056,197401,47534,   32,11877,  -52
 91623.650,  6053,21330,21237,  -233,   422,   303,-1259, 452, 3638841,-11990980,197378,47534,   33,11880,  -53
 91624.650,  6052,21330,21233,  -226,   426,   224,-1063, 452, 3638771,-11990807,197371,47536,   31,11884,  -54
 91625.650,  6052,21330,21229,  -221,   425,   202,-1288, 451, 3638691,-11990610,197373,47535,   31,11888,  -54
 91626.650,  6053,21332,21214,  -207,   417,   166,-1207, 450, 3638608,-11990407,197376,47538,   35,11890,  -53
 91627.650,  6053,21332,21212,  -204,   416,   173,-1369, 450, 3638524,-11990203,197378,47538,   35,11891,  -52
 91628.650,  6054,21334,21203,  -192,   415,   177,-1156, 450, 3638440,-11989998,197379,47539,   29,11891,  -52
 91629.650,  6053,21335,21198,  -183,   418,   159,-1305, 450, 3638355,-11989794,197383,47543,   19,11893,  -51
 91630.650,  6054,21336,21192,  -175,   416,   122,-1267, 449, 3638270,-11989588,197383,47544,   20,11894,  -51
 91631.650,  6056,21335,21192,  -176,   411,   149,-1157, 449, 3638184,-11989382,197383,47540,   27,11895,  -48
 91632.650,  6055,21333,21199,  -183,   409,   177,-1141, 449, 3638099,-11989177,197383,47536,   31,11894,  -48
 91633.650,  6055,21332,21202,  -184,   413,   136,-1087, 449, 3638014,-11988971,197382,47533,   31,11893,  -49
 91634.650,  6054,21330,21215,  -195,   417,    86,-1003, 450, 3637928,-11988765,197381,47529,   25,11893,  -49
