flight/ER2/SEAC4RS-MMS-1HZ_ER2_20130819_RA.ict
49, 1001                                                                                                                                                                                                
Bui, T. Paul                                                                                                                                                                                            
NASA Ames Research Center                                                                                                                                                                               
MMS - Meteorological Measurement System                                                                                                                                                                 
SEAC4RS                                                                                                                                                                                                 
1, 1                                                                                                                                                                                                    
2013, 08, 19, 2013, 08, 19                                                                                                                                                                              
-1                                                                                                                                                                                                      
TIME_UTC, seconds, elapsed time from 0000 UTC                                                                                                                                                           
15                                                                                                                                                                                                      
0.01, 0.01, 0.01, 0.01, 0.01, 0.001, 0.01, 0.01, 0.00001, 0.00001, 0.1, 0.01, 0.01, 0.01, 0.01                                                                                                          
-99999, -9999, -9999, -99999, -99999, -99999, -9999, -999, -9999999, -99999999, -99999, -9999, -9999, -9999, -9999                                                                                      
P, hPa, Static Pressure                                                                                                                                                                                 
T, K, Static Temperature                                                                                                                                                                                
TAS, m/s, True Air Speed                                                                                                                                                                                
U, m/s, E-W Horizontal Wind Speed                                                                                                                                                                       
[...]
DM_CONTACT_INFO: Jon Dean-Day, Bay Area Environmental Research Institute, 596 First St.                                                                                                                 
West, Sonoma, CA, 95476; email: jonathan.m.dean-day@nasa.gov                                                                                                                                            
PROJECT_INFO: SEAC4RS mission August 1 - September 30, 2013; Houston, TX                                                                                                                                
OTHER_COMMENTS:                                                                                                                                                                                         
..\cv\e_130819.cva                                                                                                                                                                                      
REVISION: RA                                                                                                                                                                                            
RA: Preliminary FIELD DATA, Not funded for 3D Winds                                                                                                                                                     
TIME_UTC, P, T, TAS, U, V, W, TEDR, REYN, G_LAT, G_LONG, G_ALT, POT, ROLL, HDG, PITCH                                                                                                                   
[from data line 26572]
 80832.700, 10857,20210,19933,-99999,-99999,-99999,-9999,-999, 2914832, -9478157,163502,38113,   96,14845, -686
 80833.700, 10905,20189,19905,-99999,-99999,-99999,-9999,-999, 2914681, -9478053,163233,38026,  122,14854, -664
 80834.700, 10942,20182,19901,-99999,-99999,-99999,-9999,-999, 2914529, -9477949,162964,37977,  149,14859, -671
 80835.700, 10985,20157,19891,-99999,-99999,-99999,-9999,-999, 2914377, -9477844,162694,37886,  154,14852, -667
 80836.700, 11030,20138,19893,-99999,-99999,-99999,-9999,-999, 2914225, -9477740,162424,37805,  148,14843, -666
 80837.700, 11077,20137,19920,-99999,-99999,-99999,-9999,-999, 2914072, -9477635,162154,37759,  158,14854, -647
 80838.700, 11122,20134,19892,-99999,-99999,-99999,-9999,-999, 2913920, -9477531,161882,37710,  166,14852, -628
 80839.700, 11158,20131,19855,-99999,-99999,-99999,-9999,-999, 2913767, -9477426,161612,37669,  159,14841, -645
 80840.700, 11195,20133,19860,-99999,-99999,-99999,-9999,-999, 2913614, -9477322,161344,37637,  150,14850, -664
 80841.700, 11240,20144,19832,-99999,-99999,-99999,-9999,-999, 2913461, -9477218,161077,37614,  146,14861, -674
 80842.700, 11282,20155,19826,-99999,-99999,-99999,-9999,-999, 2913307, -9477114,160811,37595,  140,14877, -700
 80843.700, 11327,20166,19817,-99999,-99999,-99999,-9999,-999, 2913153, -9477010,160543,37572,  121,14896, -711
 80844.700, 11373,20173,19786,-99999,-99999,-99999,-9999,-999, 2912999, -9476905,160275,37543,  112,14908, -734
 80845.700, 11419,20188,19773,-99999,-99999,-99999,-9999,-999, 2912845, -9476802,160006,37526,   87,14922, -769
 80846.700, 11472,20207,19773,-99999,-99999,-99999,-9999,-999, 2912691, -9476698,159735,37514,   67,14938, -787
 80847.700, 11523,20226,19811,-99999,-99999,-99999,-9999,-999, 2912537, -9476594,159460,37500,   47,14948, -806
 80848.700, 11582,20240,19836,-99999,-99999,-99999,-9999,-999, 2912382, -9476490,159182,37472,   26,14954, -804
 80849.700, 11637,20241,19828,-99999,-99999,-99999,-9999,-999, 2912227, -9476387,158901,37422,    9,14961, -803
 80850.700, 11692,20242,19828,-99999,-99999,-99999,-9999,-999, 2912072, -9476283,158617,37374,   -8,14981, -815
 80851.700, 11745,20241,19865,-99999,-99999,-99999,-9999,-999, 2911917, -9476179,158332,37324,  -32,15007, -812
 80852.700, 11802,20254,19878,-99999,-99999,-99999,-9999,-999, 2911761, -9476074,158046,37296,  -51,15026, -798
 80853.700, 11852,20223,19858,-99999,-99999,-99999,-9999,-999, 2911606, -9475970,157759,37195,  -78,15039, -801
 80854.700, 11910,20180,19909,-99999,-99999,-99999,-9999,-999, 2911450, -9475865,157472,37062, -130,15067, -785
 80855.700, 11973,20165,19982,-99999,-99999,-99999,-9999,-999, 2911293, -9475760,157185,36981, -150,15096, -747
 80856.700, 12026,20153,20062,-99999,-99999,-99999,-9999,-999, 2911137, -9475655,156897,36911, -179,15124, -686
 80857.700, 12075,20160,20093,-99999,-99999,-99999,-9999,-999, 2910980, -9475549,156612,36881, -204,15126, -621
 80858.700, 12111,20165,20121,-99999,-99999,-99999,-9999,-999, 2910824, -9475442,156336,36858, -225,15117, -597
 80859.700, 12153,20177,20119,-99999,-99999,-99999,-9999,-999, 2910667, -9475334,156065,36844, -242,15091, -562
 80860.700, 12187,20185,20126,-99999,-99999,-99999,-9999,-999, 2910511, -9475227,155802,36831, -234,15062, -541
 80861.700, 12224,20198,20115,-99999,-99999,-99999,-9999,-999, 2910354, -9475118,155547,36822, -215,15040, -532
 80862.700, 12256,20210,20095,-99999,-99999,-99999,-9999,-999, 2910198, -9475010,155300,36817, -176,15014, -532
 80863.700, 12289,20219,20098,-99999,-99999,-99999,-9999,-999, 2910042, -9474901,155059,36805, -136,14987, -534
 80864.700, 12328,20230,20086,-99999,-99999,-99999,-9999,-999, 2909887, -9474792,154824,36790, -108,14970, -537
 80865.700, 12362,20243,20064,-99999,-99999,-99999,-9999,-999, 2909732, -9474682,154593,36785,  -64,14947, -547
 80866.700, 12397,20236,20041,-99999,-99999,-99999,-9999,-999, 2909577, -9474573,154367,36743,  -31,14928, -569
 80867.700, 12434,20238,20021,-99999,-99999,-99999,-9999,-999, 2909422, -9474463,154146,36716,   -7,14915, -587
 80868.700, 12476,20238,20051,-99999,-99999,-99999,-9999,-999, 2909267, -9474355,153953,36680,   23,14906, -601
 80869.700, 12523,20232,20084,-99999,-99999,-99999,-9999,-999, 2909111, -9474247,153761,36630,   41,14910, -599
 80870.700, 12565,20236,20096,-99999,-99999,-99999,-9999,-999, 2908956, -9474139,153569,36602,   53,14919, -584
 80871.700, 12603,20246,20090,-99999,-99999,-99999,-9999,-999, 2908800, -9474031,153380,36589,   50,14934, -603
 80872.700, 12644,20255,20098,-99999,-99999,-99999,-9999,-999, 2908645, -9473922,153192,36571,   42,14945, -599
 80873.700, 12686,20267,20097,-99999,-99999,-99999,-9999,-999, 2908490, -9473815,153005,36557,   31,14960, -612
 80874.700, 12728,20276,20105,-99999,-99999,-99999,-9999,-999, 2908335, -9473707,152774,36540,   11,14968, -618
 80875.700, 12772,20285,20080,-99999,-99999,-99999,-9999,-999, 2908180, -9473599,152544,36520,   -8,14977, -622
 80876.700, 12811,20295,20049,-99999,-99999,-99999,-9999,-999, 2908024, -9473490,152313,36506,  -23,14987, -644
 80877.700, 12852,20309,20032,-99999,-99999,-99999,-9999,-999, 2907869, -9473383,152082,36498,  -35,14982, -671
 80878.700, 12903,20317,20007,-99999,-99999,-99999,-9999,-999, 2907729, -9473285,151943,36471,  -38,14973, -690
 80879.700, 12953,20314,20011,-99999,-99999,-99999,-9999,-999, 2907603, -9473179,152087,36425,  -39,14954, -704
 80880.700, 13007,20331,19970,-99999,-99999,-99999,-9999,-999, 2907488, -9473092,152048,36413,  -34,14951, -717
 80881.700, 13051,20345,19959,-99999,-99999,-99999,-9999,-999, 2907373, -9473005,152009,36403,  -18,14952, -746
 80882.700, 13126,20373,19881,-99999,-99999,-99999,-9999,-999, 2907269, -9472927,151986,36392,   -8,14952, -684
 80883.700, 13205,20400,19775,-99999,-99999,-99999,-9999,-999, 2907175, -9472856,151972,36379,   -1,14951, -581
 80884.700, 13253,20411,19688,-99999,-99999,-99999,-9999,-999, 2907090, -9472792,151963,36362,    1,14948, -447
 80885.700, 13282,20417,19619,-99999,-99999,-99999,-9999,-999, 2907012, -9472699,151984,36348,   -3,14949, -350
 80886.700, 13305,20421,19596,-99999,-99999,-99999,-9999,-999, 2906942, -9472635,151982,36338,  -13,14951, -259
 80887.700, 13323,20426,19546,-99999,-99999,-99999,-9999,-999, 2906580, -9472090,151980,36333,  -20,14954, -202
 80888.700, 13325,20425,19524,-99999,-99999,-99999,-9999,-999, 2906473, -9471958,151979,36330,  -22,14953, -178
 80889.700, 13329,20424,19487,-99999,-99999,-99999,-9999,-999, 2906366, -9471827,151978,36324,  -32,14955, -160
 80890.700, 13338,20428,19427,-99999,-99999,-99999,-9999,-999, 2906269, -9471708,151977,36325,  -34,14958, -160
 80891.700, 13345,20430,19365,-99999,-99999,-99999,-9999,-999, 2906181, -9471601,151977,36323,  -41,14960, -168
 80892.700, 13355,20438,19263,-99999,-99999,-99999,-9999,-999, 2906102, -9471503,151977,36329,  -33,14961, -180
 80893.700, 13365,20443,19190,-99999,-99999,-99999,-9999,-999, 2906030, -9471415,151977,36330,  -36,14957, -192
 80894.700, 13379,20453,19114,-99999,-99999,-99999,-9999,-999, 2905471, -9471634,151977,36336,  -35,14954, -215
 80895.700, 13392,20455,19083,-99999,-99999,-99999,-9999,-999, 2905383, -9471580,151977,36330,  -30,14954, -233
 80896.700, 13407,20463,19006,-99999,-99999,-99999,-9999,-999, 2905296, -9471526,151977,36333,  -31,14956, -255
 80897.700, 13425,20469,18968,-99999,-99999,-99999,-9999,-999, 2905217, -9471477,151977,36329,  -27,14952, -281
 80898.700, 13446,20478,18903,-99999,-99999,-99999,-9999,-999, 2905146, -9471433,151977,36329,  -28,14950, -296
 80899.700, 13468,20474,18948,-99999,-99999,-99999,-9999,-999, 2905081, -9471392,151977,36307,  -17,14952, -318
 80900.700, 13489,20483,18880,-99999,-99999,-99999,-9999,-999, 2905023, -9471356,151977,36306,  -31,14960, -336
 80901.700, 13512,20495,18813,-99999,-99999,-99999,-9999,-999, 2904760, -9471103,151984,36309,   -6,14956, -356
 80902.700, 13540,20509,18799,-99999,-99999,-99999,-9999,-999, 2904661, -9471041,151986,36313,  -26,14957, -366
 80903.700, 13567,20503,18817,-99999,-99999,-99999,-9999,-999, 2904580, -9470986,151986,36280,  -31,14960, -376
 80904.700, 13595,20502,18819,-99999,-99999,-99999,-9999,-999, 2904505, -9470937,151987,36259,  -35,14968, -379
 80905.700, 13626,20508,18809,-99999,-99999,-99999,-9999,-999, 2904430, -9470887,151987,36245,  -35,14973, -387
 80906.700, 13652,20523,18774,-99999,-99999,-99999,-9999,-999, 2904362, -9470842,151988,36252,  -44,14972, -390
 80907.700, 13682,20541,18707,-99999,-99999,-99999,-9999,-999, 2904300, -9470802,151988,36261,  -52,14967, -384
 80908.700, 13709,20544,18714,-99999,-99999,-99999,-9999,-999, 2904245, -9470765,151988,36247,  -46,14964, -386
 80909.700, 13739,20547,18717,-99999,-99999,-99999,-9999,-999, 2903301, -9470014,151964,36229,  -47,14964, -384
 80910.700, 13767,20553,18715,-99999,-99999,-99999,-9999,-999, 2903083, -9469843,151959,36217,  -53,14959, -378
 80911.700, 13795,20563,18690,-99999,-99999,-99999,-9999,-999, 2902958, -9469733,151958,36215,  -50,14955, -372
 80912.700, 13826,20574,18655,-99999,-99999,-99999,-9999,-999, 2902849, -9469638,151957,36210,  -35,14951, -374
 80913.700, 13851,20585,18621,-99999,-99999,-99999,-9999,-999, 2902542, -9469470,151939,36212,  -26,14946, -374
 80914.700, 13879,20589,18614,-99999,-99999,-99999,-9999,-999, 2902342, -9469446,151768,36197,  -24,14942, -371
 80915.700, 13906,20595,18581,-99999,-99999,-99999,-9999,-999, 2902199, -9469345,151760,36187,   -7,14940, -368
 80916.700, 13933,20598,18537,-99999,-99999,-99999,-9999,-999, 2902057, -9469242,151751,36173,  355,14932, -367
 80917.700, 13964,20603,18475,-99999,-99999,-99999,-9999,-999, 2901914, -9469141,151743,36159,  857,14922, -371
 80918.700, 13990,20612,18441,-99999,-99999,-99999,-9999,-999, 2901790, -9469065,151595,36156, 1238,14929, -380
 80919.700, 14013,20612,18396,-99999,-99999,-99999,-9999,-999, 2901650, -9468965,151581,36139, 1300,14975, -398
 80920.700, 14046,20619,18322,-99999,-99999,-99999,-9999,-999, 2901510, -9468864,151567,36126, 1045,15044, -410
 80921.700, 14075,20629,18275,-99999,-99999,-99999,-9999,-999, 2901370, -9468764,151553,36122,  829,15100, -416
 80922.700, 14107,20638,18225,-99999,-99999,-99999,-9999,-999, 2901230, -9468663,151539,36115,  515,15174, -415
 80923.700, 14137,20649,18177,-99999,-99999,-99999,-9999,-999, 2901090, -9468563,151525,36112,  310,15217, -409
 80924.700, 14168,20660,18123,-99999,-99999,-99999,-9999,-999, 2900950, -9468463,151510,36109,   29,15262, -402
 80925.700, 14198,20672,18064,-99999,-99999,-99999,-9999,-999, 2900823, -9468372,151502,36107, -243,15290, -390
 80926.700, 14230,20683,18014,-99999,-99999,-99999,-9999,-999, 2900709, -9468289,151497,36104, -421,15297, -377
 80927.700, 14259,20693,17953,-99999,-99999,-99999,-9999,-999, 2900605, -9468215,151493,36100, -674,15287, -372
 80928.700, 14289,20699,17899,-99999,-99999,-99999,-9999,-999, 2900476, -9468131,151500,36089, -918,15258, -368
 80929.700, 14322,20705,17889,-99999,-99999,-99999,-9999,-999, 2900193, -9467886,151454,36075,-1074,15226, -362
 80930.700, 14356,20714,17874,-99999,-99999,-99999,-9999,-999, 2900054, -9467792,151452,36067, -810,15147, -368
 80931.700, 14384,20713,17897,-99999,-99999,-99999,-9999,-999, 2899958, -9467710,151383,36045, -596,15074, -375
 80932.700, 14414,20718,17899,-99999,-99999,-99999,-9999,-999, 2899822, -9467614,151378,36032, -353,15008, -378
 80933.700, 14445,20724,17908,-99999,-99999,-99999,-9999,-999, 2899687, -9467517,151374,36021, -176,14963, -385
 80934.700, 14476,20732,17898,-99999,-99999,-99999,-9999,-999, 2899551, -9467421,151369,36012,  -92,14940, -380
 80935.700, 14506,20741,17881,-99999,-99999,-99999,-9999,-999, 2899416, -9467325,151364,36008,   -1,14918, -376
 80936.700, 14537,20750,17873,-99999,-99999,-99999,-9999,-999, 2899281, -9467228,151360,36001,   53,14909, -371
 80937.700, 14567,20757,17878,-99999,-99999,-99999,-9999,-999, 2899145, -9467132,151355,35992,   75,14907, -367
 80938.700, 14594,20764,17865,-99999,-99999,-99999,-9999,-999, 2899023, -9467044,151352,35985,   89,14910, -362
 80939.700, 14622,20763,17886,-99999,-99999,-99999,-9999,-999, 2898912, -9466966,151350,35964,   98,14913, -358
 80940.700, 14648,20769,17887,-99999,-99999,-99999,-9999,-999, 2898811, -9466894,151349,35955,   93,14911, -355
 80941.700, 14676,20778,17866,-99999,-99999,-99999,-9999,-999, 2898721, -9466829,151349,35952,   88,14911, -350
 80942.700, 14702,20784,17853,-99999,-99999,-99999,-9999,-999, 2898639, -9466770,151348,35943,   85,14909, -347
 80943.700, 14729,20787,17844,-99999,-99999,-99999,-9999,-999, 2898163, -9466461,151174,35930,   83,14905, -343
 80944.700, 14757,20791,17844,-99999,-99999,-99999,-9999,-999, 2898030, -9466365,151167,35918,   89,14899, -340
 80945.700, 14785,20800,17823,-99999,-99999,-99999,-9999,-999, 2897984, -9466271,151142,35914,   90,14896, -339
 80946.700, 14811,20809,17799,-99999,-99999,-99999,-9999,-999, 2897853, -9466175,151136,35911,   97,14897, -341
 80947.700, 14836,20809,17792,-99999,-99999,-99999,-9999,-999, 2897747, -9466080,151127,35894,   98,14900, -340
 80948.700, 14863,20810,17740,-99999,-99999,-99999,-9999,-999, 2897616, -9465984,151120,35876,   96,14908, -344
 80949.700, 14892,20817,17657,-99999,-99999,-99999,-9999,-999, 2897485, -9465888,151113,35869,   94,14920, -346
 80950.700, 14920,20826,17606,-99999,-99999,-99999,-9999,-999, 2897355, -9465792,151107,35865,   78,14932, -352
 80951.700, 14948,20836,17562,-99999,-99999,-99999,-9999,-999, 2897236, -9465705,151102,35864,   65,14947, -357
 80952.700, 14975,20844,17518,-99999,-99999,-99999,-9999,-999, 2897129, -9465626,151100,35859,   44,14956, -359
 80953.700, 15006,20854,17462,-99999,-99999,-99999,-9999,-999, 2897032, -9465555,151099,35854,   25,14966, -363
 80954.700, 15038,20864,17414,-99999,-99999,-99999,-9999,-999, 2896877, -9465512,150527,35850,   13,14976, -369
 80955.700, 15070,20874,17383,-99999,-99999,-99999,-9999,-999, 2896749, -9465420,150510,35846,    0,14980, -370
 80956.700, 15098,20883,17359,-99999,-99999,-99999,-9999,-999, 2896621, -9465328,150494,35841,  -15,14986, -366
 80957.700, 15131,20894,17321,-99999,-99999,-99999,-9999,-999, 2896493, -9465235,150478,35839,  -22,14987, -367
 80958.700, 15162,20904,17284,-99999,-99999,-99999,-9999,-999, 2896435, -9465211,148996,35834,  -28,14991, -371
 80959.700, 15193,20910,17228,-99999,-99999,-99999,-9999,-999, 2896342, -9465174,147616,35824,  -27,14993, -372
 80960.700, 15224,20904,17206,-99999,-99999,-99999,-9999,-999, 2896225, -9465083,147536,35792,  -32,15003, -375
 80961.700, 15254,20899,17213,-99999,-99999,-99999,-9999,-999, 2896092, -9464961,147095,35763,  -37,15013, -376
 80962.700, 15284,20906,17172,-99999,-99999,-99999,-9999,-999, 2895967, -9464867,147023,35756,  -49,15025, -382
 80963.700, 15314,20909,17176,-99999,-99999,-99999,-9999,-999, 2895829, -9464778,146507,35741,  -68,15031, -379
 80964.700, 15345,20906,17153,-99999,-99999,-99999,-9999,-999, 2895702, -9464685,146408,35715,  -77,15035, -381
 80965.700, 15376,20903,17127,-99999,-99999,-99999,-9999,-999, 2895574, -9464591,146308,35690,  -81,15033, -382
 80966.700, 15407,20909,17123,-99999,-99999,-99999,-9999,-999, 2895447, -9464498,146209,35679,  -82,15029, -381
 80967.700, 15438,20922,17096,-99999,-99999,-99999,-9999,-999, 2895320, -9464405,146110,35681,  -75,15019, -381
 80968.700, 15474,20924,17095,-99999,-99999,-99999,-9999,-999, 2895193, -9464311,146011,35660,  -72,15012, -386
 80969.700, 15507,20930,17095,-99999,-99999,-99999,-9999,-999, 2895054, -9464186,145426,35648,  -61,15003, -385
 80970.700, 15541,20942,17082,-99999,-99999,-99999,-9999,-999, 2894929, -9464092,145354,35646,  -55,14992, -384
 80971.700, 15573,20946,17094,-99999,-99999,-99999,-9999,-999, 2894804, -9463999,145281,35633,  -39,14984, -384
 80972.700, 15605,20952,17087,-99999,-99999,-99999,-9999,-999, 2894680, -9463906,145208,35621,  -26,14982, -382
 80973.700, 15637,20961,17069,-99999,-99999,-99999,-9999,-999, 2894575, -9463806,144388,35616,  -15,14981, -379
