flight/ER2/SEAC4RS-MMS-1HZ_ER2_20130814_RA.ict
49, 1001                                                                                                                                                                                                
Bui, T. Paul                                                                                                                                                                                            
NASA Ames Research Center                                                                                                                                                                               
MMS - Meteorological Measurement System                                                                                                                                                                 
SEAC4RS                                                                                                                                                                                                 
1, 1                                                                                                                                                                                                    
2013, 08, 14, 2013, 08, 14                                                                                                                                                                              
-1                                                                                                                                                                                                      
TIME_UTC, seconds, elapsed time from 0000 UTC                                                                                                                                                           
15                                                                                                                                                                                                      
0.01, 0.01, 0.01, 0.01, 0.01, 0.001, 0.01, 0.01, 0.00001, 0.00001, 0.1, 0.01, 0.01, 0.01, 0.01                                                                                                          
-99999, -9999, -9999, -99999, -99999, -99999, -9999, -999, -9999999, -99999999, -99999, -9999, -9999, -9999, -9999                                                                                      
P, hPa, Static Pressure                                                                                                                                                                                 
T, K, Static Temperature                                                                                                                                                                                
TAS, m/s, True Air Speed                                                                                                                                                                                
U, m/s, E-W Horizontal Wind Speed                                                                                                                                                                       
[...]
DM_CONTACT_INFO: Jon Dean-Day, Bay Area Environmental Research Institute, 596 First St.                                                                                                                 
West, Sonoma, CA, 95476; email: jonathan.m.dean-day@nasa.gov                                                                                                                                            
PROJECT_INFO: SEAC4RS mission August 1 - September 30, 2013; Houston, TX                                                                                                                                
OTHER_COMMENTS:                                                                                                                                                                                         
..\cv\e_130814.cva                                                                                                                                                                                      
REVISION: RA                                                                                                                                                                                            
RA: Preliminary FIELD DATA, Not funded for 3D Winds                                                                                                                                                     
TIME_UTC, P, T, TAS, U, V, W, TEDR, REYN, G_LAT, G_LONG, G_ALT, POT, ROLL, HDG, PITCH                                                                                                                   
[from data line 12858]
 69032.800,  7305,21254,20445,-99999,-99999,-99999,-9999,-999, 3682926, -9028173,185417,44887,   30,22139,  -17
 69033.800,  7307,21253,20419,-99999,-99999,-99999,-9999,-999, 3682787, -9028321,185419,44881,   47,22137,  -16
 69034.800,  7305,21249,20413,-99999,-99999,-99999,-9999,-999, 3682648, -9028469,185420,44877,   33,22134,  -23
 69035.800,  7308,21251,20415,-99999,-99999,-99999,-9999,-999, 3682509, -9028617,185422,44875,   24,22134,  -13
 69036.800,  7307,21254,20425,-99999,-99999,-99999,-9999,-999, 3682370, -9028764,185423,44885,   30,22135,  -11
 69037.800,  7309,21236,20391,-99999,-99999,-99999,-9999,-999, 3682232, -9028912,185424,44843,   40,22131,   -8
 69038.800,  7306,21237,20402,-99999,-99999,-99999,-9999,-999, 3682093, -9029060,185425,44849,   46,22135,   -9
 69039.800,  7306,21242,20406,-99999,-99999,-99999,-9999,-999, 3681954, -9029207,185427,44860,   50,22139,   -9
 69040.800,  7305,21232,20410,-99999,-99999,-99999,-9999,-999, 3681815, -9029354,185429,44841,   49,22138,  -14
 69041.800,  7303,21240,20412,-99999,-99999,-99999,-9999,-999, 3681677, -9029502,185431,44860,   46,22140,  -14
 69042.800,  7303,21248,20414,-99999,-99999,-99999,-9999,-999, 3681538, -9029650,185433,44878,   44,22140,  -19
 69043.800,  7303,21260,20433,-99999,-99999,-99999,-9999,-999, 3681399, -9029798,185435,44904,   35,22140,  -20
 69044.800,  7307,21259,20436,-99999,-99999,-99999,-9999,-999, 3681260, -9029945,185436,44894,   38,22137,  -19
 69045.800,  7306,21260,20442,-99999,-99999,-99999,-9999,-999, 3681122, -9030093,185435,44897,   38,22133,  -21
 69046.800,  7309,21262,20434,-99999,-99999,-99999,-9999,-999, 3680983, -9030240,185434,44898,   29,22132,  -15
 69047.800,  7310,21258,20392,-99999,-99999,-99999,-9999,-999, 3680844, -9030388,185432,44888,   25,22128,   -9
 69048.800,  7308,21268,20413,-99999,-99999,-99999,-9999,-999, 3680705, -9030535,185431,44910,   42,22128,    5
 69049.800,  7309,21266,20438,-99999,-99999,-99999,-9999,-999, 3680566, -9030683,185429,44904,   58,22126,   -2
 69050.800,  7308,21265,20430,-99999,-99999,-99999,-9999,-999, 3680428, -9030831,185428,44906,   46,22119,   -3
 69051.800,  7308,21265,20438,-99999,-99999,-99999,-9999,-999, 3680289, -9030978,185428,44904,   36,22119,   -1
 69052.800,  7308,21264,20410,-99999,-99999,-99999,-9999,-999, 3680151, -9031126,185427,44903,   36,22119,    2
 69053.800,  7307,21267,20434,-99999,-99999,-99999,-9999,-999, 3680012, -9031273,185426,44911,   34,22118,   -1
 69054.800,  7306,21267,20447,-99999,-99999,-99999,-9999,-999, 3679873, -9031420,185426,44911,   30,22116,   -1
 69055.800,  7305,21264,20447,-99999,-99999,-99999,-9999,-999, 3679735, -9031568,185426,44909,   35,22114,   -1
 69056.800,  7305,21263,20446,-99999,-99999,-99999,-9999,-999, 3679596, -9031716,185426,44906,   27,22115,   -2
 69057.800,  7305,21263,20451,-99999,-99999,-99999,-9999,-999, 3679458, -9031863,185427,44907,   29,22116,    1
 69058.800,  7305,21262,20467,-99999,-99999,-99999,-9999,-999, 3679319, -9032010,185427,44904,   31,22115,    2
 69059.800,  7305,21257,20470,-99999,-99999,-99999,-9999,-999, 3679181, -9032158,185427,44894,   40,22110,    3
 69060.800,  7305,21256,20466,-99999,-99999,-99999,-9999,-999, 3679042, -9032305,185428,44892,   50,22109,    4
 69061.800,  7304,21256,20477,-99999,-99999,-99999,-9999,-999, 3678904, -9032453,185429,44893,   52,22110,    1
 69062.800,  7303,21254,20488,-99999,-99999,-99999,-9999,-999, 3678766, -9032600,185430,44892,   49,22108,    0
 69063.800,  7301,21251,20495,-99999,-99999,-99999,-9999,-999, 3678627, -9032747,185433,44887,   44,22107,   -2
 69064.800,  7302,21256,20487,-99999,-99999,-99999,-9999,-999, 3678488, -9032894,185436,44898,   36,22105,  -12
 69065.800,  7303,21258,20481,-99999,-99999,-99999,-9999,-999, 3678350, -9033041,185438,44899,   29,22105,   -9
 69066.800,  7306,21260,20462,-99999,-99999,-99999,-9999,-999, 3678212, -9033188,185440,44899,   33,22107,   -7
 69067.800,  7305,21259,20449,-99999,-99999,-99999,-9999,-999, 3678073, -9033335,185441,44898,   34,22111,  -11
 69068.800,  7304,21258,20444,-99999,-99999,-99999,-9999,-999, 3677935, -9033483,185442,44898,   33,22114,  -12
 69069.800,  7304,21259,20443,-99999,-99999,-99999,-9999,-999, 3677797, -9033629,185443,44899,   32,22119,  -14
 69070.800,  7304,21261,20451,-99999,-99999,-99999,-9999,-999, 3677659, -9033776,185444,44903,   48,22117,  -12
 69071.800,  7307,21254,20408,-99999,-99999,-99999,-9999,-999, 3677520, -9033924,185444,44882,   58,22114,  -12
 69072.800,  7305,21276,20452,-99999,-99999,-99999,-9999,-999, 3677382, -9034070,185444,44934,   45,22117,  -12
 69073.800,  7308,21262,20457,-99999,-99999,-99999,-9999,-999, 3677244, -9034217,185444,44899,   44,22122,   -5
 69074.800,  7310,21268,20438,-99999,-99999,-99999,-9999,-999, 3677105, -9034365,185443,44908,   33,22114,   -3
 69075.800,  7309,21278,20502,-99999,-99999,-99999,-9999,-999, 3676967, -9034511,185443,44932,   43,22114,   12
 69076.800,  7306,21264,20472,-99999,-99999,-99999,-9999,-999, 3676829, -9034658,185443,44905,   34,22108,   10
 69077.800,  7307,21266,20465,-99999,-99999,-99999,-9999,-999, 3676690, -9034805,185443,44909,   20,22108,   15
 69078.800,  7305,21267,20476,-99999,-99999,-99999,-9999,-999, 3676552, -9034952,185444,44914,   30,22109,   12
 69079.800,  7302,21270,20502,-99999,-99999,-99999,-9999,-999, 3676414, -9035099,185447,44925,   32,22105,    6
 69080.800,  7302,21272,20514,-99999,-99999,-99999,-9999,-999, 3676276, -9035246,185451,44930,   24,22100,    0
 69081.800,  7302,21275,20520,-99999,-99999,-99999,-9999,-999, 3676138, -9035392,185455,44935,   42,22092,   -1
 69082.800,  7300,21273,20535,-99999,-99999,-99999,-9999,-999, 3676000, -9035539,185458,44935,   52,22089,   -8
 69083.800,  7299,21265,20521,-99999,-99999,-99999,-9999,-999, 3675862, -9035686,185461,44920,   48,22088,  -17
 69084.800,  7300,21272,20529,-99999,-99999,-99999,-9999,-999, 3675724, -9035832,185465,44935,   37,22092,  -18
 69085.800,  7300,21281,20540,-99999,-99999,-99999,-9999,-999, 3675586, -9035979,185468,44952,   47,22092,  -18
 69086.800,  7299,21279,20527,-99999,-99999,-99999,-9999,-999, 3675448, -9036125,185471,44950,   45,22087,  -23
 69087.800,  7300,21270,20517,-99999,-99999,-99999,-9999,-999, 3675310, -9036273,185473,44930,   31,22088,  -23
 69088.800,  7302,21270,20458,-99999,-99999,-99999,-9999,-999, 3675172, -9036419,185475,44927,   39,22093,  -24
 69089.800,  7302,21277,20444,-99999,-99999,-99999,-9999,-999, 3675034, -9036566,185476,44941,   37,22094,  -23
 69090.800,  7302,21277,20501,-99999,-99999,-99999,-9999,-999, 3674896, -9036712,185477,44940,   28,22094,  -24
 69091.800,  7302,21282,20514,-99999,-99999,-99999,-9999,-999, 3674758, -9036859,185477,44950,   29,22093,  -18
 69092.800,  7302,21287,20488,-99999,-99999,-99999,-9999,-999, 3674621, -9037005,185477,44961,   42,22089,  -19
 69093.800,  7303,21276,20474,-99999,-99999,-99999,-9999,-999, 3674482, -9037152,185477,44936,   50,22083,  -22
 69094.800,  7303,21276,20426,-99999,-99999,-99999,-9999,-999, 3674344, -9037298,185476,44937,   38,22083,  -25
 69095.800,  7301,21284,20480,-99999,-99999,-99999,-9999,-999, 3674207, -9037445,185476,44958,   42,22091,  -23
 69096.800,  7303,21279,20451,-99999,-99999,-99999,-9999,-999, 3674069, -9037591,185476,44945,   49,22085,  -24
 69097.800,  7303,21280,20437,-99999,-99999,-99999,-9999,-999, 3673931, -9037738,185474,44946,   35,22083,  -27
 69098.800,  7307,21280,20430,-99999,-99999,-99999,-9999,-999, 3673793, -9037884,185472,44939,   33,22084,  -18
 69099.800,  7306,21282,20435,-99999,-99999,-99999,-9999,-999, 3673655, -9038030,185471,44946,   40,22086,  -20
 69100.800,  7306,21279,20437,-99999,-99999,-99999,-9999,-999, 3673517, -9038177,185469,44937,   40,22086,  -18
 69101.800,  7306,21277,20433,-99999,-99999,-99999,-9999,-999, 3673379, -9038323,185468,44933,   30,22089,  -17
 69102.800,  7306,21271,20433,-99999,-99999,-99999,-9999,-999, 3673241, -9038470,185468,44921,   32,22090,  -11
 69103.800,  7309,21274,20396,-99999,-99999,-99999,-9999,-999, 3673103, -9038616,185467,44923,   47,22086,   -7
 69104.800,  7306,21272,20396,-99999,-99999,-99999,-9999,-999, 3672965, -9038763,185467,44924,   52,22088,   -8
 69105.800,  7305,21272,20394,-99999,-99999,-99999,-9999,-999, 3672827, -9038909,185467,44924,   40,22095,   -7
 69106.800,  7305,21274,20382,-99999,-99999,-99999,-9999,-999, 3672689, -9039056,185467,44928,   46,22097,   -6
 69107.800,  7305,21274,20370,-99999,-99999,-99999,-9999,-999, 3672517, -9039232,185468,44929,   40,22095,   -7
 69108.800,  7304,21276,20370,-99999,-99999,-99999,-9999,-999, 3672379, -9039376,185468,44935,   35,22095,   -8
 69109.800,  7305,21279,20374,-99999,-99999,-99999,-9999,-999, 3672241, -9039520,185468,44941,   41,22096,  -10
 69110.800,  7305,21276,20374,-99999,-99999,-99999,-9999,-999, 3672109, -9039657,185470,44934,   37,22092,  -14
 69111.800,  7304,21278,20387,-99999,-99999,-99999,-9999,-999, 3671970, -9039801,185470,44938,   25,22090,  -12
 69112.800,  7305,21278,20387,-99999,-99999,-99999,-9999,-999, 3671832, -9039946,185470,44936,   28,22084,   -9
 69113.800,  7305,21278,20383,-99999,-99999,-99999,-9999,-999, 3671706, -9040077,185470,44938,   26,22081,   -7
 69114.800,  7307,21277,20391,-99999,-99999,-99999,-9999,-999, 3671592, -9040195,185470,44933,   40,22080,   -3
 69115.800,  7305,21276,20392,-99999,-99999,-99999,-9999,-999, 3671489, -9040302,185470,44934,   54,22074,   -8
 69116.800,  7304,21278,20399,-99999,-99999,-99999,-9999,-999, 3671396, -9040399,185470,44941,   44,22074,  -11
 69117.800,  7305,21279,20396,-99999,-99999,-99999,-9999,-999, 3671312, -9040486,185470,44941,   40,22075,  -10
 69118.800,  7304,21280,20403,-99999,-99999,-99999,-9999,-999, 3671236, -9040566,185470,44943,   45,22074,  -11
 69119.800,  7305,21278,20399,-99999,-99999,-99999,-9999,-999, 3670733, -9040750,185476,44939,   38,22072,  -13
 69120.800,  7304,21279,20384,-99999,-99999,-99999,-9999,-999, 3670635, -9040959,185475,44941,   30,22072,  -14
 69121.800,  7305,21276,20382,-99999,-99999,-99999,-9999,-999, 3670532, -9041146,185475,44933,   32,22072,  -15
 69122.800,  7305,21275,20365,-99999,-99999,-99999,-9999,-999, 3670390, -9041274,185475,44930,   34,22075,  -15
 69123.800,  7305,21278,20369,-99999,-99999,-99999,-9999,-999, 3670245, -9041403,185475,44939,   35,22079,  -17
 69124.800,  7304,21273,20365,-99999,-99999,-99999,-9999,-999, 3670099, -9041530,185476,44928,   32,22079,  -21
 69125.800,  7304,21275,20348,-99999,-99999,-99999,-9999,-999, 3669968, -9041646,185476,44932,   46,22079,  -14
 69126.800,  7305,21276,20358,-99999,-99999,-99999,-9999,-999, 3669848, -9041751,185476,44933,   55,22077,  -16
 69127.800,  7306,21271,20361,-99999,-99999,-99999,-9999,-999, 3669741, -9041846,185476,44922,   44,22074,  -16
 69128.800,  7305,21272,20373,-99999,-99999,-99999,-9999,-999, 3669643, -9041932,185476,44925,   40,22075,  -12
 69129.800,  7304,21270,20394,-99999,-99999,-99999,-9999,-999, 3669555, -9042009,185476,44923,   37,22075,  -11
 69130.800,  7304,21268,20387,-99999,-99999,-99999,-9999,-999, 3669475, -9042080,185476,44919,   39,22074,   -9
 69131.800,  7303,21271,20393,-99999,-99999,-99999,-9999,-999, 3669403, -9042143,185476,44926,   39,22074,   -9
 69132.800,  7303,21269,20399,-99999,-99999,-99999,-9999,-999, 3669338, -9042201,185476,44922,   35,22077,   -9
 69133.800,  7302,21270,20400,-99999,-99999,-99999,-9999,-999, 3669278, -9042253,185476,44925,   28,22078,  -12
 69134.800,  7301,21267,20412,-99999,-99999,-99999,-9999,-999, 3669225, -9042300,185476,44921,   26,22077,  -12
 69135.800,  7301,21266,20407,-99999,-99999,-99999,-9999,-999, 3669177, -9042343,185476,44918,   28,22075,  -12
 69136.800,  7302,21269,20409,-99999,-99999,-99999,-9999,-999, 3669133, -9042382,185476,44923,   37,22075,  -10
 69137.800,  7302,21265,20398,-99999,-99999,-99999,-9999,-999, 3669093, -9042416,185476,44917,   48,22071,   -9
 69138.800,  7300,21262,20398,-99999,-99999,-99999,-9999,-999, 3669057, -9042448,185476,44913,   42,22070,  -11
 69139.800,  7300,21259,20404,-99999,-99999,-99999,-9999,-999, 3669025, -9042476,185476,44907,   43,22071,  -10
 69140.800,  7299,21257,20404,-99999,-99999,-99999,-9999,-999, 3668045, -9043963,185488,44905,   50,22071,  -14
 69141.800,  7300,21261,20420,-99999,-99999,-99999,-9999,-999, 3667878, -9044148,185479,44910,   48,22071,  -17
 69142.800,  7299,21262,20423,-99999,-99999,-99999,-9999,-999, 3667730, -9044316,185488,44913,   33,22069,  -22
 69143.800,  7300,21257,20432,-99999,-99999,-99999,-9999,-999, 3667589, -9044464,185484,44901,   39,22067,  -22
 69144.800,  7299,21242,20414,-99999,-99999,-99999,-9999,-999, 3667451, -9044612,185482,44871,   36,22061,  -24
 69145.800,  7301,21241,20420,-99999,-99999,-99999,-9999,-999, 3667312, -9044759,185477,44865,   24,22059,  -26
 69146.800,  7303,21248,20387,-99999,-99999,-99999,-9999,-999, 3667174, -9044905,185473,44878,   30,22058,  -23
 69147.800,  7305,21258,20434,-99999,-99999,-99999,-9999,-999, 3667036, -9045051,185471,44895,   49,22058,  -16
 69148.800,  7306,21265,20465,-99999,-99999,-99999,-9999,-999, 3666898, -9045198,185467,44908,   60,22055,  -11
 69149.800,  7305,21265,20454,-99999,-99999,-99999,-9999,-999, 3666760, -9045343,185462,44911,   54,22048,   -6
 69150.800,  7305,21263,20439,-99999,-99999,-99999,-9999,-999, 3666621, -9045489,185459,44908,   37,22051,    1
 69151.800,  7303,21260,20412,-99999,-99999,-99999,-9999,-999, 3666483, -9045635,185457,44904,   46,22051,   -3
 69152.800,  7304,21264,20431,-99999,-99999,-99999,-9999,-999, 3666345, -9045781,185458,44911,   30,22053,   -7
 69153.800,  7305,21266,20419,-99999,-99999,-99999,-9999,-999, 3666207, -9045928,185457,44912,   29,22056,   -6
 69154.800,  7303,21264,20403,-99999,-99999,-99999,-9999,-999, 3666069, -9046075,185458,44911,   39,22056,   -9
 69155.800,  7303,21265,20421,-99999,-99999,-99999,-9999,-999, 3665931, -9046221,185458,44912,   36,22062,  -10
 69156.800,  7303,21262,20430,-99999,-99999,-99999,-9999,-999, 3665793, -9046367,185458,44908,   28,22065,   -7
 69157.800,  7303,21259,20414,-99999,-99999,-99999,-9999,-999, 3665654, -9046514,185457,44901,   29,22063,   -7
 69158.800,  7303,21260,20398,-99999,-99999,-99999,-9999,-999, 3665516, -9046660,185458,44902,   40,22060,   -5
 69159.800,  7302,21259,20406,-99999,-99999,-99999,-9999,-999, 3665378, -9046807,185460,44902,   53,22059,  -12
 69160.800,  7300,21256,20410,-99999,-99999,-99999,-9999,-999, 3665240, -9046953,185460,44900,   53,22060,  -19
 69161.800,  7299,21253,20418,-99999,-99999,-99999,-9999,-999, 3665102, -9047099,185461,44895,   44,22061,  -21
 69162.800,  7300,21248,20426,-99999,-99999,-99999,-9999,-999, 3664964, -9047245,185461,44882,   31,22061,  -21
 69163.800,  7302,21246,20422,-99999,-99999,-99999,-9999,-999, 3664826, -9047392,185461,44876,   39,22060,  -14
 69164.800,  7300,21242,20434,-99999,-99999,-99999,-9999,-999, 3664687, -9047538,185462,44870,   43,22060,  -22
 69165.800,  7299,21238,20445,-99999,-99999,-99999,-9999,-999, 3664549, -9047685,185463,44864,   39,22061,  -23
 69166.800,  7302,21237,20440,-99999,-99999,-99999,-9999,-999, 3664411, -9047831,185464,44857,   29,22062,  -22
 69167.800,  7303,21236,20438,-99999,-99999,-99999,-9999,-999, 3664273, -9047978,185464,44852,   32,22058,  -22
 69168.800,  7302,21238,20438,-99999,-99999,-99999,-9999,-999, 3664135, -9048123,185465,44858,   37,22050,  -21
 69169.800,  7302,21230,20452,-99999,-99999,-99999,-9999,-999, 3663997, -9048270,185465,44841,   36,22045,  -16
 69170.800,  7304,21228,20434,-99999,-99999,-99999,-9999,-999, 3663858, -9048416,185465,44833,   47,22043,  -14
 69171.800,  7301,21224,20453,-99999,-99999,-99999,-9999,-999, 3663720, -9048562,185466,44830,   51,22044,  -17
 69172.800,  7302,21223,20477,-99999,-99999,-99999,-9999,-999, 3663582, -9048709,185468,44827,   36,22047,  -14
 69173.800,  7304,21221,20490,-99999,-99999,-99999,-9999,-999, 3663443, -9048854,185468,44819,   47,22047,   -9
