flight/ER2/SEAC4RS-MMS-1HZ_ER2_20130819_RA.ict
49, 1001                                                                                                                                                                                                
Bui, T. Paul                                                                                                                                                                                            
NASA Ames Research Center                                                                                                                                                                               
MMS - Meteorological Measurement System                                                                                                                                                                 
SEAC4RS                                                                                                                                                                                                 
1, 1                                                                                                                                                                                                    
2013, 08, 19, 2013, 08, 19                                                                                                                                                                              
-1                                                                                                                                                                                                      
TIME_UTC, seconds, elapsed time from 0000 UTC                                                                                                                                                           
15                                                                                                                                                                                                      
0.01, 0.01, 0.01, 0.01, 0.01, 0.001, 0.01, 0.01, 0.00001, 0.00001, 0.1, 0.01, 0.01, 0.01, 0.01                                                                                                          
-99999, -9999, -9999, -99999, -99999, -99999, -9999, -999, -9999999, -99999999, -99999, -9999, -9999, -9999, -9999                                                                                      
P, hPa, Static Pressure                                                                                                                                                                                 
T, K, Static Temperature                                                                                                                                                                                
TAS, m/s, True Air Speed                                                                                                                                                                                
U, m/s, E-W Horizontal Wind Speed                                                                                                                                                                       
[...]
DM_CONTACT_INFO: Jon Dean-Day, Bay Area Environmental Research Institute, 596 First St.                                                                                                                 
West, Sonoma, CA, 95476; email: jonathan.m.dean-day@nasa.gov                                                                                                                                            
PROJECT_INFO: SEAC4RS mission August 1 - September 30, 2013; Houston, TX                                                                                                                                
OTHER_COMMENTS:                                                                                                                                                                                         
..\cv\e_130819.cva                                                                                                                                                                                      
REVISION: RA                                                                                                                                                                                            
RA: Preliminary FIELD DATA, Not funded for 3D Winds                                                                                                                                                     
TIME_UTC, P, T, TAS, U, V, W, TEDR, REYN, G_LAT, G_LONG, G_ALT, POT, ROLL, HDG, PITCH                                                                                                                   
[from data line 20429]
 74689.700,  7346,21181,20763,-99999,-99999,-99999,-9999,-999, 3698973,-10096960,185400,44662,   63,33435,  -67
 74690.700,  7346,21181,20762,-99999,-99999,-99999,-9999,-999, 3699136,-10097073,185399,44662,   64,33435,  -65
 74691.700,  7347,21183,20748,-99999,-99999,-99999,-9999,-999, 3699299,-10097185,185398,44663,   66,33436,  -63
 74692.700,  7347,21181,20748,-99999,-99999,-99999,-9999,-999, 3699461,-10097298,185397,44660,   72,33438,  -62
 74693.700,  7348,21181,20739,-99999,-99999,-99999,-9999,-999, 3699624,-10097410,185397,44658,   69,33438,  -61
 74694.700,  7346,21180,20743,-99999,-99999,-99999,-9999,-999, 3699787,-10097522,185396,44658,   60,33437,  -61
 74695.700,  7347,21180,20735,-99999,-99999,-99999,-9999,-999, 3699949,-10097635,185395,44659,   60,33437,  -58
 74696.700,  7349,21183,20716,-99999,-99999,-99999,-9999,-999, 3700112,-10097747,185395,44661,   61,33437,  -58
 74697.700,  7346,21182,20717,-99999,-99999,-99999,-9999,-999, 3700275,-10097859,185395,44662,   67,33439,  -58
 74698.700,  7347,21182,20707,-99999,-99999,-99999,-9999,-999, 3700438,-10097972,185395,44661,   65,33440,  -57
 74699.700,  7347,21183,20694,-99999,-99999,-99999,-9999,-999, 3700600,-10098084,185395,44662,   61,33440,  -59
 74700.700,  7346,21180,20696,-99999,-99999,-99999,-9999,-999, 3700763,-10098195,185396,44660,   56,33439,  -61
 74701.700,  7344,21179,20698,-99999,-99999,-99999,-9999,-999, 3700926,-10098307,185397,44661,   55,33439,  -64
 74702.700,  7344,21180,20690,-99999,-99999,-99999,-9999,-999, 3701088,-10098419,185398,44661,   58,33440,  -67
 74703.700,  7346,21180,20679,-99999,-99999,-99999,-9999,-999, 3701251,-10098531,185399,44660,   60,33441,  -67
 74704.700,  7345,21180,20680,-99999,-99999,-99999,-9999,-999, 3701413,-10098643,185400,44661,   61,33441,  -70
 74705.700,  7345,21180,20677,-99999,-99999,-99999,-9999,-999, 3701576,-10098754,185401,44661,   57,33441,  -70
 74706.700,  7345,21182,20669,-99999,-99999,-99999,-9999,-999, 3701738,-10098867,185402,44665,   54,33445,  -70
 74707.700,  7345,21180,20666,-99999,-99999,-99999,-9999,-999, 3701901,-10098978,185402,44661,   55,33448,  -69
 74708.700,  7346,21181,20662,-99999,-99999,-99999,-9999,-999, 3702063,-10099089,185403,44661,   52,33449,  -69
 74709.700,  7345,21180,20668,-99999,-99999,-99999,-9999,-999, 3702226,-10099201,185403,44660,   47,33451,  -71
 74710.700,  7347,21182,20652,-99999,-99999,-99999,-9999,-999, 3702388,-10099313,185403,44663,   41,33453,  -71
 74711.700,  7346,21180,20658,-99999,-99999,-99999,-9999,-999, 3702551,-10099424,185402,44660,   38,33453,  -71
 74712.700,  7347,21181,20652,-99999,-99999,-99999,-9999,-999, 3702713,-10099536,185402,44660,   33,33452,  -67
 74713.700,  7349,21186,20635,-99999,-99999,-99999,-9999,-999, 3702876,-10099648,185402,44666,   35,33452,  -61
 74714.700,  7348,21184,20645,-99999,-99999,-99999,-9999,-999, 3703038,-10099759,185402,44664,   36,33454,  -58
 74715.700,  7349,21185,20633,-99999,-99999,-99999,-9999,-999, 3703263,-10099909,185402,44663,   37,33457,  -52
 74716.700,  7349,21187,20621,-99999,-99999,-99999,-9999,-999, 3703393,-10099996,185403,44668,   35,33457,  -53
 74717.700,  7349,21188,20608,-99999,-99999,-99999,-9999,-999, 3703546,-10100100,185412,44671,   23,33455,  -51
 74718.700,  7348,21189,20598,-99999,-99999,-99999,-9999,-999, 3703703,-10100209,185397,44674,   27,33453,  -42
 74719.700,  7348,21190,20589,-99999,-99999,-99999,-9999,-999, 3703860,-10100318,185403,44677,   35,33451,  -44
 74720.700,  7346,21190,20583,-99999,-99999,-99999,-9999,-999, 3704020,-10100428,185405,44680,   36,33451,  -44
 74721.700,  7347,21189,20577,-99999,-99999,-99999,-9999,-999, 3704180,-10100539,185411,44676,   35,33453,  -45
 74722.700,  7344,21184,20596,-99999,-99999,-99999,-9999,-999, 3704340,-10100650,185416,44670,   38,33453,  -50
 74723.700,  7343,21187,20585,-99999,-99999,-99999,-9999,-999, 3704501,-10100761,185420,44679,   40,33451,  -53
 74724.700,  7344,21188,20570,-99999,-99999,-99999,-9999,-999, 3704662,-10100872,185424,44679,   39,33450,  -56
 74725.700,  7345,21191,20545,-99999,-99999,-99999,-9999,-999, 3704824,-10100982,185427,44685,   37,33449,  -57
 74726.700,  7343,21188,20555,-99999,-99999,-99999,-9999,-999, 3704985,-10101094,185432,44680,   34,33450,  -58
 74727.700,  7346,21186,20555,-99999,-99999,-99999,-9999,-999, 3705147,-10101205,185434,44673,   40,33451,  -58
 74728.700,  7344,21184,20556,-99999,-99999,-99999,-9999,-999, 3705308,-10101316,185437,44670,   45,33452,  -59
 74729.700,  7343,21183,20553,-99999,-99999,-99999,-9999,-999, 3705469,-10101427,185437,44671,   40,33452,  -61
 74730.700,  7345,21185,20546,-99999,-99999,-99999,-9999,-999, 3705631,-10101538,185439,44671,   34,33450,  -60
 74731.700,  7345,21184,20545,-99999,-99999,-99999,-9999,-999, 3705792,-10101649,185440,44670,   35,33446,  -58
 74732.700,  7346,21186,20536,-99999,-99999,-99999,-9999,-999, 3705953,-10101760,185440,44672,   44,33446,  -56
 74733.700,  7344,21184,20545,-99999,-99999,-99999,-9999,-999, 3706115,-10101870,185441,44671,   48,33447,  -55
 74734.700,  7344,21184,20536,-99999,-99999,-99999,-9999,-999, 3706276,-10101982,185444,44671,   51,33448,  -53
 74735.700,  7345,21187,20523,-99999,-99999,-99999,-9999,-999, 3706437,-10102092,185445,44675,   40,33445,  -56
 74736.700,  7343,21185,20530,-99999,-99999,-99999,-9999,-999, 3706598,-10102203,185447,44676,   37,33444,  -58
 74737.700,  7343,21183,20531,-99999,-99999,-99999,-9999,-999, 3706760,-10102314,185448,44671,   44,33444,  -56
 74738.700,  7343,21179,20542,-99999,-99999,-99999,-9999,-999, 3706921,-10102425,185451,44663,   50,33445,  -54
 74739.700,  7342,21178,20546,-99999,-99999,-99999,-9999,-999, 3707082,-10102536,185452,44663,   50,33445,  -56
 74740.700,  7343,21178,20543,-99999,-99999,-99999,-9999,-999, 3707243,-10102646,185454,44661,   43,33446,  -55
 74741.700,  7342,21177,20548,-99999,-99999,-99999,-9999,-999, 3707405,-10102758,185455,44660,   45,33447,  -53
 74742.700,  7342,21175,20549,-99999,-99999,-99999,-9999,-999, 3707566,-10102868,185457,44655,   47,33447,  -53
 74743.700,  7341,21173,20546,-99999,-99999,-99999,-9999,-999, 3707727,-10102979,185458,44655,   44,33449,  -54
 74744.700,  7340,21171,20543,-99999,-99999,-99999,-9999,-999, 3707888,-10103089,185460,44650,   40,33450,  -54
 74745.700,  7341,21172,20529,-99999,-99999,-99999,-9999,-999, 3708049,-10103200,185462,44651,   41,33451,  -54
 74746.700,  7340,21171,20528,-99999,-99999,-99999,-9999,-999, 3708210,-10103311,185465,44650,   43,33449,  -55
 74747.700,  7339,21168,20532,-99999,-99999,-99999,-9999,-999, 3708371,-10103421,185468,44647,   41,33446,  -57
 74748.700,  7339,21169,20522,-99999,-99999,-99999,-9999,-999, 3708532,-10103532,185469,44647,   37,33444,  -57
 74749.700,  7340,21169,20516,-99999,-99999,-99999,-9999,-999, 3708693,-10103643,185471,44645,   41,33444,  -57
 74750.700,  7339,21168,20519,-99999,-99999,-99999,-9999,-999, 3708854,-10103752,185473,44645,   50,33443,  -58
 74751.700,  7339,21164,20531,-99999,-99999,-99999,-9999,-999, 3709015,-10103863,185474,44639,   49,33442,  -62
 74752.700,  7339,21164,20532,-99999,-99999,-99999,-9999,-999, 3709176,-10103974,185475,44638,   43,33440,  -63
 74753.700,  7340,21164,20520,-99999,-99999,-99999,-9999,-999, 3709336,-10104084,185477,44637,   49,33439,  -60
 74754.700,  7342,21165,20509,-99999,-99999,-99999,-9999,-999, 3709497,-10104194,185477,44635,   59,33437,  -60
 74755.700,  7340,21164,20509,-99999,-99999,-99999,-9999,-999, 3709658,-10104305,185478,44636,   58,33438,  -60
 74756.700,  7341,21163,20514,-99999,-99999,-99999,-9999,-999, 3709819,-10104415,185477,44632,   59,33439,  -59
 74757.700,  7341,21163,20513,-99999,-99999,-99999,-9999,-999, 3709979,-10104525,185478,44633,   59,33440,  -58
 74758.700,  7343,21165,20501,-99999,-99999,-99999,-9999,-999, 3710140,-10104636,185478,44633,   62,33440,  -55
 74759.700,  7342,21162,20510,-99999,-99999,-99999,-9999,-999, 3710301,-10104746,185477,44629,   54,33441,  -55
 74760.700,  7342,21162,20501,-99999,-99999,-99999,-9999,-999, 3710462,-10104856,185477,44628,   44,33444,  -52
 74761.700,  7343,21162,20495,-99999,-99999,-99999,-9999,-999, 3710622,-10104966,185477,44627,   50,33445,  -51
 74762.700,  7343,21162,20490,-99999,-99999,-99999,-9999,-999, 3710783,-10105076,185475,44626,   51,33445,  -48
 74763.700,  7342,21160,20489,-99999,-99999,-99999,-9999,-999, 3710944,-10105186,185475,44624,   42,33446,  -49
 74764.700,  7342,21159,20485,-99999,-99999,-99999,-9999,-999, 3711104,-10105296,185476,44622,   39,33449,  -49
 74765.700,  7342,21159,20477,-99999,-99999,-99999,-9999,-999, 3711265,-10105406,185476,44622,   43,33450,  -49
 74766.700,  7342,21158,20472,-99999,-99999,-99999,-9999,-999, 3711425,-10105516,185476,44619,   39,33450,  -50
 74767.700,  7341,21157,20470,-99999,-99999,-99999,-9999,-999, 3711586,-10105625,185476,44620,   35,33449,  -50
 74768.700,  7342,21159,20453,-99999,-99999,-99999,-9999,-999, 3711746,-10105736,185476,44623,   30,33448,  -50
 74769.700,  7342,21159,20450,-99999,-99999,-99999,-9999,-999, 3711907,-10105845,185475,44622,   33,33445,  -50
 74770.700,  7341,21158,20447,-99999,-99999,-99999,-9999,-999, 3712067,-10105955,185474,44621,   37,33444,  -50
 74771.700,  7342,21158,20436,-99999,-99999,-99999,-9999,-999, 3712228,-10106065,185474,44620,   39,33441,  -49
 74772.700,  7342,21156,20432,-99999,-99999,-99999,-9999,-999, 3712388,-10106175,185474,44617,   43,33438,  -48
 74773.700,  7341,21155,20432,-99999,-99999,-99999,-9999,-999, 3712548,-10106285,185475,44615,   49,33434,  -50
 74774.700,  7339,21153,20434,-99999,-99999,-99999,-9999,-999, 3712708,-10106394,185475,44614,   49,33434,  -53
 74775.700,  7339,21152,20427,-99999,-99999,-99999,-9999,-999, 3712869,-10106504,185477,44613,   52,33433,  -54
 74776.700,  7339,21150,20429,-99999,-99999,-99999,-9999,-999, 3713029,-10106613,185477,44609,   57,33432,  -57
 74777.700,  7340,21149,20428,-99999,-99999,-99999,-9999,-999, 3713189,-10106723,185478,44606,   64,33430,  -58
 74778.700,  7339,21148,20431,-99999,-99999,-99999,-9999,-999, 3713349,-10106833,185478,44604,   68,33428,  -60
 74779.700,  7339,21148,20432,-99999,-99999,-99999,-9999,-999, 3713509,-10106942,185478,44603,   66,33427,  -61
 74780.700,  7339,21146,20436,-99999,-99999,-99999,-9999,-999, 3713669,-10107052,185478,44600,   66,33427,  -59
 74781.700,  7340,21145,20435,-99999,-99999,-99999,-9999,-999, 3713829,-10107161,185479,44596,   69,33427,  -55
 74782.700,  7341,21143,20438,-99999,-99999,-99999,-9999,-999, 3713989,-10107271,185478,44590,   74,33428,  -54
 74783.700,  7341,21143,20427,-99999,-99999,-99999,-9999,-999, 3714150,-10107380,185478,44591,   77,33428,  -53
 74784.700,  7340,21140,20428,-99999,-99999,-99999,-9999,-999, 3714309,-10107489,185478,44587,   72,33427,  -54
 74785.700,  7340,21141,20422,-99999,-99999,-99999,-9999,-999, 3714470,-10107598,185477,44587,   68,33427,  -56
 74786.700,  7340,21141,20422,-99999,-99999,-99999,-9999,-999, 3714630,-10107707,185478,44588,   67,33429,  -56
 74787.700,  7339,21141,20427,-99999,-99999,-99999,-9999,-999, 3714790,-10107817,185479,44589,   69,33432,  -54
 74788.700,  7339,21140,20424,-99999,-99999,-99999,-9999,-999, 3714950,-10107925,185478,44588,   68,33435,  -52
 74789.700,  7338,21136,20427,-99999,-99999,-99999,-9999,-999, 3715110,-10108034,185479,44580,   67,33438,  -52
 74790.700,  7339,21132,20429,-99999,-99999,-99999,-9999,-999, 3715270,-10108142,185480,44571,   59,33437,  -54
 74791.700,  7340,21135,20421,-99999,-99999,-99999,-9999,-999, 3715429,-10108251,185481,44574,   56,33435,  -55
 74792.700,  7341,21141,20408,-99999,-99999,-99999,-9999,-999, 3715590,-10108360,185481,44587,   48,33438,  -50
 74793.700,  7339,21139,20420,-99999,-99999,-99999,-9999,-999, 3715750,-10108468,185482,44585,   50,33445,  -44
 74794.700,  7338,21136,20416,-99999,-99999,-99999,-9999,-999, 3715910,-10108577,185483,44581,   53,33446,  -41
 74795.700,  7338,21125,20436,-99999,-99999,-99999,-9999,-999, 3716070,-10108686,185485,44558,   48,33443,  -43
 74796.700,  7340,21125,20435,-99999,-99999,-99999,-9999,-999, 3716230,-10108795,185487,44555,   43,33439,  -45
 74797.700,  7340,21134,20416,-99999,-99999,-99999,-9999,-999, 3716390,-10108903,185489,44572,   42,33435,  -45
 74798.700,  7339,21135,20403,-99999,-99999,-99999,-9999,-999, 3716551,-10109011,185492,44577,   45,33436,  -39
 74799.700,  7338,21138,20384,-99999,-99999,-99999,-9999,-999, 3716710,-10109120,185494,44585,   47,33438,  -39
 74800.700,  7337,21132,20398,-99999,-99999,-99999,-9999,-999, 3716871,-10109228,185495,44575,   55,33441,  -39
 74801.700,  7337,21129,20402,-99999,-99999,-99999,-9999,-999, 3717030,-10109336,185497,44567,   55,33443,  -42
 74802.700,  7337,21129,20398,-99999,-99999,-99999,-9999,-999, 3717191,-10109445,185498,44568,   48,33442,  -48
 74803.700,  7337,21129,20392,-99999,-99999,-99999,-9999,-999, 3717350,-10109553,185500,44566,   43,33441,  -47
 74804.700,  7337,21129,20391,-99999,-99999,-99999,-9999,-999, 3717511,-10109661,185501,44567,   46,33439,  -46
 74805.700,  7338,21132,20384,-99999,-99999,-99999,-9999,-999, 3717671,-10109770,185502,44572,   49,33438,  -48
 74806.700,  7337,21134,20386,-99999,-99999,-99999,-9999,-999, 3717831,-10109878,185504,44577,   48,33442,  -48
 74807.700,  7336,21130,20399,-99999,-99999,-99999,-9999,-999, 3717991,-10109986,185505,44572,   46,33445,  -46
 74808.700,  7338,21128,20386,-99999,-99999,-99999,-9999,-999, 3718150,-10110095,185505,44563,   45,33445,  -44
 74809.700,  7338,21124,20388,-99999,-99999,-99999,-9999,-999, 3718311,-10110203,185506,44554,   48,33442,  -44
 74810.700,  7340,21124,20391,-99999,-99999,-99999,-9999,-999, 3718470,-10110311,185506,44552,   48,33438,  -46
 74811.700,  7340,21127,20383,-99999,-99999,-99999,-9999,-999, 3718631,-10110419,185507,44558,   44,33438,  -47
 74812.700,  7339,21128,20394,-99999,-99999,-99999,-9999,-999, 3718791,-10110527,185507,44562,   42,33441,  -39
 74813.700,  7337,21125,20401,-99999,-99999,-99999,-9999,-999, 3718950,-10110636,185507,44558,   48,33442,  -40
 74814.700,  7337,21121,20403,-99999,-99999,-99999,-9999,-999, 3719111,-10110743,185507,44550,   49,33443,  -41
 74815.700,  7338,21121,20400,-99999,-99999,-99999,-9999,-999, 3719270,-10110852,185508,44549,   45,33440,  -41
 74816.700,  7338,21122,20407,-99999,-99999,-99999,-9999,-999, 3719430,-10110960,185508,44550,   43,33439,  -40
 74817.700,  7338,21126,20386,-99999,-99999,-99999,-9999,-999, 3719590,-10111068,185509,44558,   44,33440,  -40
 74818.700,  7337,21127,20374,-99999,-99999,-99999,-9999,-999, 3719750,-10111176,185510,44564,   50,33444,  -40
 74819.700,  7334,21123,20388,-99999,-99999,-99999,-9999,-999, 3719911,-10111284,185513,44560,   51,33447,  -42
 74820.700,  7333,21120,20404,-99999,-99999,-99999,-9999,-999, 3720070,-10111392,185514,44555,   46,33446,  -44
 74821.700,  7334,21119,20402,-99999,-99999,-99999,-9999,-999, 3720230,-10111500,185516,44552,   35,33443,  -49
 74822.700,  7334,21120,20393,-99999,-99999,-99999,-9999,-999, 3720390,-10111608,185518,44554,   36,33443,  -51
 74823.700,  7336,21123,20385,-99999,-99999,-99999,-9999,-999, 3720550,-10111716,185519,44557,   38,33444,  -51
 74824.700,  7335,21123,20386,-99999,-99999,-99999,-9999,-999, 3720710,-10111824,185521,44558,   42,33447,  -52
 74825.700,  7335,21124,20378,-99999,-99999,-99999,-9999,-999, 3720870,-10111932,185521,44560,   43,33448,  -51
 74826.700,  7335,21127,20361,-99999,-99999,-99999,-9999,-999, 3721030,-10112039,185521,44565,   37,33448,  -51
 74827.700,  7336,21122,20383,-99999,-99999,-99999,-9999,-999, 3721190,-10112148,185521,44554,   23,33444,  -50
 74828.700,  7337,21118,20387,-99999,-99999,-99999,-9999,-999, 3721349,-10112255,185520,44545,   41,33443,  -51
 74829.700,  7336,21118,20389,-99999,-99999,-99999,-9999,-999, 3721509,-10112363,185520,44545,   45,33442,  -53
 74830.700,  7336,21121,20383,-99999,-99999,-99999,-9999,-999, 3721669,-10112471,185519,44552,   39,33440,  -52
