flight/ER2/SEAC4RS-MMS-1HZ_ER2_20130823_RA.ict
49, 1001                                                                                                                                                                                                
Bui, T. Paul                                                                                                                                                                                            
NASA Ames Research Center                                                                                                                                                                               
MMS - Meteorological Measurement System                                                                                                                                                                 
SEAC4RS                                                                                                                                                                                                 
1, 1                                                                                                                                                                                                    
2013, 08, 23, 2013, 08, 23                                                                                                                                                                              
-1                                                                                                                                                                                                      
TIME_UTC, seconds, elapsed time from 0000 UTC                                                                                                                                                           
15                                                                                                                                                                                                      
0.01, 0.01, 0.01, 0.01, 0.01, 0.001, 0.01, 0.01, 0.00001, 0.00001, 0.1, 0.01, 0.01, 0.01, 0.01                                                                                                          
-99999, -9999, -9999, -99999, -99999, -99999, -9999, -999, -9999999, -99999999, -99999, -9999, -9999, -9999, -9999                                                                                      
P, hPa, Static Pressure                                                                                                                                                                                 
T, K, Static Temperature                                                                                                                                                                                
TAS, m/s, True Air Speed                                                                                                                                                                                
U, m/s, E-W Horizontal Wind Speed                                                                                                                                                                       
[...]
DM_CONTACT_INFO: Jon Dean-Day, Bay Area Environmental Research Institute, 596 First St.                                                                                                                 
West, Sonoma, CA, 95476; email: jonathan.m.dean-day@nasa.gov                                                                                                                                            
PROJECT_INFO: SEAC4RS mission August 1 - September 30, 2013; Houston, TX                                                                                                                                
OTHER_COMMENTS:                                                                                                                                                                                         
..\cv\e_130823.cva                                                                                                                                                                                      
REVISION: RA                                                                                                                                                                                            
RA: Preliminary FIELD DATA, Not funded for 3D Winds                                                                                                                                                     
TIME_UTC, P, T, TAS, U, V, W, TEDR, REYN, G_LAT, G_LONG, G_ALT, POT, ROLL, HDG, PITCH                                                                                                                   
[from data line 2858]
 56430.700,  7318,20740,20841,-99999,-99999,-99999,-9999,-999, 3217828, -9155779,185452,43778,   46, 5646,   -9
 56431.700,  7318,20740,20841,-99999,-99999,-99999,-9999,-999, 3217887, -9155685,185452,43779,   50, 5645,  -12
 56432.700,  7319,20741,20844,-99999,-99999,-99999,-9999,-999, 3217941, -9155599,185452,43780,   47, 5644,  -13
 56433.700,  7318,20742,20846,-99999,-99999,-99999,-9999,-999, 3218381, -9154880,185454,43783,   45, 5644,  -16
 56434.700,  7320,20743,20844,-99999,-99999,-99999,-9999,-999, 3218441, -9154811,185447,43783,   47, 5644,  -13
 56435.700,  7321,20744,20844,-99999,-99999,-99999,-9999,-999, 3218544, -9154660,185432,43783,   45, 5644,  -14
 56436.700,  7321,20745,20847,-99999,-99999,-99999,-9999,-999, 3218628, -9154515,185473,43785,   42, 5645,  -14
 56437.700,  7322,20746,20844,-99999,-99999,-99999,-9999,-999, 3218736, -9154343,185473,43785,   43, 5646,  -12
 56438.700,  7322,20746,20848,-99999,-99999,-99999,-9999,-999, 3218836, -9154180,185431,43786,   39, 5646,  -11
 56439.700,  7324,20748,20845,-99999,-99999,-99999,-9999,-999, 3218942, -9154012,185416,43786,   46, 5644,   -8
 56440.700,  7323,20748,20845,-99999,-99999,-99999,-9999,-999, 3219051, -9153839,185415,43787,   52, 5642,   -9
 56441.700,  7321,20749,20848,-99999,-99999,-99999,-9999,-999, 3219159, -9153666,185413,43792,   46, 5640,   -9
 56442.700,  7323,20753,20833,-99999,-99999,-99999,-9999,-999, 3219268, -9153494,185412,43797,   41, 5638,   -8
 56443.700,  7324,20757,20829,-99999,-99999,-99999,-9999,-999, 3219376, -9153321,185411,43806,   37, 5634,   -7
 56444.700,  7324,20760,20828,-99999,-99999,-99999,-9999,-999, 3219485, -9153149,185409,43812,   38, 5629,   -6
 56445.700,  7324,20762,20831,-99999,-99999,-99999,-9999,-999, 3219594, -9152976,185408,43815,   42, 5625,   -6
 56446.700,  7325,20763,20831,-99999,-99999,-99999,-9999,-999, 3219692, -9152820,185407,43817,   42, 5623,   -5
 56447.700,  7324,20764,20833,-99999,-99999,-99999,-9999,-999, 3219781, -9152678,185406,43818,   43, 5625,   -4
 56448.700,  7324,20765,20830,-99999,-99999,-99999,-9999,-999, 3219976, -9152353,185406,43821,   44, 5625,   -4
 56449.700,  7323,20765,20839,-99999,-99999,-99999,-9999,-999, 3220041, -9152256,185405,43823,   49, 5627,   -4
 56450.700,  7325,20767,20829,-99999,-99999,-99999,-9999,-999, 3220147, -9152088,185367,43825,   53, 5626,   -4
 56451.700,  7324,20766,20834,-99999,-99999,-99999,-9999,-999, 3220256, -9151916,185366,43824,   48, 5626,   -3
 56452.700,  7324,20766,20835,-99999,-99999,-99999,-9999,-999, 3220365, -9151744,185365,43823,   43, 5628,   -1
 56453.700,  7324,20766,20836,-99999,-99999,-99999,-9999,-999, 3220474, -9151570,185363,43825,   44, 5630,   -2
 56454.700,  7323,20766,20839,-99999,-99999,-99999,-9999,-999, 3220579, -9151409,185359,43825,   47, 5631,   -1
 56455.700,  7325,20769,20833,-99999,-99999,-99999,-9999,-999, 3220684, -9151244,185369,43829,   50, 5632,    1
 56456.700,  7323,20767,20839,-99999,-99999,-99999,-9999,-999, 3220791, -9151074,185376,43827,   50, 5633,   -2
 56457.700,  7323,20764,20841,-99999,-99999,-99999,-9999,-999, 3220899, -9150903,185377,43821,   47, 5633,   -1
 56458.700,  7323,20759,20842,-99999,-99999,-99999,-9999,-999, 3221007, -9150730,185380,43811,   41, 5635,   -4
 56459.700,  7322,20757,20843,-99999,-99999,-99999,-9999,-999, 3221116, -9150559,185380,43809,   43, 5639,   -2
 56460.700,  7324,20757,20847,-99999,-99999,-99999,-9999,-999, 3221224, -9150386,185380,43805,   46, 5644,    1
 56461.700,  7324,20753,20854,-99999,-99999,-99999,-9999,-999, 3221333, -9150213,185381,43797,   50, 5647,   -2
 56462.700,  7322,20753,20865,-99999,-99999,-99999,-9999,-999, 3221441, -9150041,185381,43801,   57, 5648,   -2
 56463.700,  7322,20756,20852,-99999,-99999,-99999,-9999,-999, 3221550, -9149868,185381,43805,   53, 5650,   -6
 56464.700,  7323,20753,20852,-99999,-99999,-99999,-9999,-999, 3221659, -9149695,185382,43798,   41, 5651,   -6
 56465.700,  7323,20750,20870,-99999,-99999,-99999,-9999,-999, 3221768, -9149523,185383,43793,   43, 5654,   -5
 56466.700,  7323,20755,20851,-99999,-99999,-99999,-9999,-999, 3221876, -9149349,185386,43801,   47, 5657,   -1
 56467.700,  7324,20755,20848,-99999,-99999,-99999,-9999,-999, 3221985, -9149176,185387,43801,   47, 5658,   -2
 56468.700,  7323,20751,20863,-99999,-99999,-99999,-9999,-999, 3222094, -9149004,185388,43795,   46, 5657,   -4
 56469.700,  7321,20749,20869,-99999,-99999,-99999,-9999,-999, 3222202, -9148831,185390,43792,   38, 5660,   -4
 56470.700,  7324,20754,20847,-99999,-99999,-99999,-9999,-999, 3222311, -9148657,185392,43799,   38, 5662,   -3
 56471.700,  7322,20753,20853,-99999,-99999,-99999,-9999,-999, 3222420, -9148485,185394,43801,   43, 5662,   -3
 56472.700,  7321,20753,20855,-99999,-99999,-99999,-9999,-999, 3222529, -9148312,185396,43800,   46, 5660,   -1
 56473.700,  7322,20754,20845,-99999,-99999,-99999,-9999,-999, 3222638, -9148139,185397,43803,   42, 5660,    0
 56474.700,  7321,20755,20850,-99999,-99999,-99999,-9999,-999, 3222746, -9147965,185399,43805,   40, 5662,   -3
 56475.700,  7320,20753,20860,-99999,-99999,-99999,-9999,-999, 3222855, -9147793,185400,43803,   44, 5663,   -1
 56476.700,  7322,20753,20850,-99999,-99999,-99999,-9999,-999, 3222964, -9147620,185402,43801,   47, 5664,   -2
 56477.700,  7321,20754,20849,-99999,-99999,-99999,-9999,-999, 3223073, -9147447,185404,43803,   47, 5666,   -5
 56478.700,  7320,20752,20854,-99999,-99999,-99999,-9999,-999, 3223181, -9147273,185406,43801,   49, 5668,   -7
 56479.700,  7320,20753,20855,-99999,-99999,-99999,-9999,-999, 3223290, -9147100,185406,43803,   49, 5670,  -11
 56480.700,  7320,20752,20856,-99999,-99999,-99999,-9999,-999, 3223399, -9146928,185408,43802,   48, 5671,  -11
 56481.700,  7322,20753,20850,-99999,-99999,-99999,-9999,-999, 3223508, -9146755,185408,43801,   47, 5673,  -11
 56482.700,  7320,20752,20858,-99999,-99999,-99999,-9999,-999, 3223617, -9146581,185408,43800,   43, 5676,  -10
 56483.700,  7321,20752,20859,-99999,-99999,-99999,-9999,-999, 3223726, -9146408,185408,43800,   44, 5677,  -11
 56484.700,  7321,20751,20862,-99999,-99999,-99999,-9999,-999, 3223834, -9146235,185409,43798,   44, 5677,  -10
 56485.700,  7322,20751,20862,-99999,-99999,-99999,-9999,-999, 3223943, -9146062,185410,43796,   41, 5676,  -10
 56486.700,  7321,20749,20868,-99999,-99999,-99999,-9999,-999, 3224052, -9145889,185411,43794,   40, 5677,  -10
 56487.700,  7322,20749,20865,-99999,-99999,-99999,-9999,-999, 3224160, -9145716,185412,43793,   40, 5679,   -9
 56488.700,  7321,20748,20866,-99999,-99999,-99999,-9999,-999, 3224269, -9145542,185414,43791,   42, 5681,   -8
 56489.700,  7321,20745,20867,-99999,-99999,-99999,-9999,-999, 3224378, -9145368,185416,43785,   46, 5682,   -9
 56490.700,  7320,20744,20868,-99999,-99999,-99999,-9999,-999, 3224487, -9145195,185417,43785,   45, 5683,  -10
 56491.700,  7320,20742,20877,-99999,-99999,-99999,-9999,-999, 3224596, -9145022,185417,43781,   43, 5685,  -13
 56492.700,  7320,20739,20887,-99999,-99999,-99999,-9999,-999, 3224705, -9144849,185418,43774,   44, 5689,  -16
 56493.700,  7320,20736,20892,-99999,-99999,-99999,-9999,-999, 3224814, -9144676,185418,43767,   50, 5693,  -17
 56494.700,  7320,20732,20908,-99999,-99999,-99999,-9999,-999, 3224922, -9144502,185419,43760,   51, 5694,  -18
 56495.700,  7321,20733,20907,-99999,-99999,-99999,-9999,-999, 3225031, -9144329,185419,43758,   49, 5695,  -17
 56496.700,  7322,20731,20918,-99999,-99999,-99999,-9999,-999, 3225140, -9144155,185419,43753,   46, 5697,  -13
 56497.700,  7323,20730,20927,-99999,-99999,-99999,-9999,-999, 3225249, -9143981,185418,43749,   47, 5697,  -15
 56498.700,  7321,20728,20935,-99999,-99999,-99999,-9999,-999, 3225358, -9143808,185417,43747,   44, 5698,  -14
 56499.700,  7322,20733,20907,-99999,-99999,-99999,-9999,-999, 3225467, -9143634,185417,43758,   48, 5697,  -14
 56500.700,  7323,20738,20883,-99999,-99999,-99999,-9999,-999, 3225576, -9143461,185417,43767,   47, 5696,  -15
 56501.700,  7323,20738,20888,-99999,-99999,-99999,-9999,-999, 3225685, -9143287,185417,43766,   46, 5696,  -15
 56502.700,  7324,20739,20882,-99999,-99999,-99999,-9999,-999, 3225794, -9143114,185417,43767,   46, 5697,  -14
 56503.700,  7323,20738,20880,-99999,-99999,-99999,-9999,-999, 3225903, -9142941,185417,43767,   41, 5698,  -17
 56504.700,  7326,20740,20869,-99999,-99999,-99999,-9999,-999, 3226011, -9142768,185418,43766,   37, 5700,   -7
 56505.700,  7325,20741,20862,-99999,-99999,-99999,-9999,-999, 3226120, -9142594,185416,43770,   41, 5699,   -8
 56506.700,  7325,20744,20856,-99999,-99999,-99999,-9999,-999, 3226228, -9142420,185415,43774,   47, 5696,   -7
 56507.700,  7325,20745,20851,-99999,-99999,-99999,-9999,-999, 3226338, -9142246,185415,43778,   48, 5695,   -6
 56508.700,  7322,20743,20859,-99999,-99999,-99999,-9999,-999, 3226446, -9142073,185416,43778,   49, 5697,   -7
 56509.700,  7322,20744,20855,-99999,-99999,-99999,-9999,-999, 3226555, -9141899,185417,43779,   51, 5698,   -8
 56510.700,  7323,20743,20851,-99999,-99999,-99999,-9999,-999, 3226664, -9141726,185418,43777,   48, 5698,  -10
 56511.700,  7321,20744,20851,-99999,-99999,-99999,-9999,-999, 3226773, -9141553,185419,43782,   47, 5699,  -14
 56512.700,  7321,20745,20843,-99999,-99999,-99999,-9999,-999, 3226882, -9141379,185420,43785,   44, 5698,  -16
 56513.700,  7323,20746,20838,-99999,-99999,-99999,-9999,-999, 3226991, -9141206,185421,43784,   42, 5696,  -16
 56514.700,  7322,20745,20849,-99999,-99999,-99999,-9999,-999, 3227099, -9141033,185421,43783,   38, 5696,  -16
 56515.700,  7323,20746,20849,-99999,-99999,-99999,-9999,-999, 3227208, -9140859,185419,43785,   41, 5696,  -15
 56516.700,  7325,20747,20841,-99999,-99999,-99999,-9999,-999, 3227317, -9140686,185419,43782,   45, 5695,  -11
 56517.700,  7325,20745,20846,-99999,-99999,-99999,-9999,-999, 3227426, -9140512,185419,43779,   48, 5694,  -13
 56518.700,  7324,20744,20856,-99999,-99999,-99999,-9999,-999, 3227535, -9140338,185419,43777,   48, 5694,  -13
 56519.700,  7325,20744,20858,-99999,-99999,-99999,-9999,-999, 3227643, -9140165,185419,43776,   45, 5694,  -12
 56520.700,  7325,20744,20860,-99999,-99999,-99999,-9999,-999, 3227752, -9139992,185420,43776,   44, 5695,  -12
 56521.700,  7325,20745,20861,-99999,-99999,-99999,-9999,-999, 3227861, -9139818,185420,43778,   42, 5696,  -13
 56522.700,  7325,20744,20865,-99999,-99999,-99999,-9999,-999, 3227959, -9139661,185420,43775,   48, 5696,  -10
 56523.700,  7326,20744,20862,-99999,-99999,-99999,-9999,-999, 3228048, -9139519,185420,43773,   48, 5696,   -9
 56524.700,  7327,20744,20863,-99999,-99999,-99999,-9999,-999, 3228129, -9139391,185420,43772,   44, 5697,   -9
 56525.700,  7325,20742,20875,-99999,-99999,-99999,-9999,-999, 3228383, -9138982,185422,43772,   41, 5702,   -7
 56526.700,  7328,20744,20871,-99999,-99999,-99999,-9999,-999, 3228491, -9138810,185422,43771,   46, 5703,   -5
 56527.700,  7324,20741,20883,-99999,-99999,-99999,-9999,-999, 3228598, -9138639,185422,43771,   49, 5703,   -7
 56528.700,  7325,20741,20884,-99999,-99999,-99999,-9999,-999, 3228706, -9138468,185422,43771,   48, 5702,   -8
 56529.700,  7325,20742,20886,-99999,-99999,-99999,-9999,-999, 3228813, -9138296,185422,43772,   46, 5703,  -10
 56530.700,  7322,20740,20897,-99999,-99999,-99999,-9999,-999, 3228921, -9138125,185422,43773,   43, 5706,  -12
 56531.700,  7322,20739,20894,-99999,-99999,-99999,-9999,-999, 3229028, -9137953,185422,43770,   44, 5708,  -17
 56532.700,  7322,20739,20899,-99999,-99999,-99999,-9999,-999, 3229126, -9137799,185422,43771,   44, 5709,  -18
 56533.700,  7323,20740,20899,-99999,-99999,-99999,-9999,-999, 3229213, -9137658,185422,43770,   47, 5709,  -16
 56534.700,  7323,20740,20899,-99999,-99999,-99999,-9999,-999, 3229293, -9137531,185422,43771,   48, 5708,  -17
 56535.700,  7324,20741,20894,-99999,-99999,-99999,-9999,-999, 3229365, -9137416,185422,43771,   47, 5707,  -16
 56536.700,  7324,20742,20898,-99999,-99999,-99999,-9999,-999, 3229430, -9137312,185422,43773,   41, 5709,  -14
 56537.700,  7325,20742,20901,-99999,-99999,-99999,-9999,-999, 3229489, -9137218,185422,43771,   45, 5709,  -10
 56538.700,  7328,20744,20894,-99999,-99999,-99999,-9999,-999, 3229837, -9136633,185413,43772,   48, 5710,   -8
 56539.700,  7329,20745,20892,-99999,-99999,-99999,-9999,-999, 3229944, -9136461,185413,43772,   43, 5709,   -8
 56540.700,  7327,20745,20896,-99999,-99999,-99999,-9999,-999, 3229965, -9136460,185442,43773,   43, 5710,   -4
 56541.700,  7328,20745,20893,-99999,-99999,-99999,-9999,-999, 3230073, -9136286,185443,43774,   48, 5709,    1
 56542.700,  7328,20747,20886,-99999,-99999,-99999,-9999,-999, 3230182, -9136114,185444,43776,   53, 5708,    4
 56543.700,  7329,20748,20880,-99999,-99999,-99999,-9999,-999, 3230265, -9135983,185446,43777,   45, 5707,    8
 56544.700,  7327,20746,20884,-99999,-99999,-99999,-9999,-999, 3230373, -9135810,185447,43778,   41, 5708,    4
 56545.700,  7327,20747,20879,-99999,-99999,-99999,-9999,-999, 3230481, -9135637,185448,43779,   43, 5708,    7
 56546.700,  7328,20748,20865,-99999,-99999,-99999,-9999,-999, 3230590, -9135464,185448,43780,   48, 5707,    8
 56547.700,  7328,20749,20859,-99999,-99999,-99999,-9999,-999, 3230698, -9135291,185449,43782,   45, 5707,    8
 56548.700,  7326,20748,20860,-99999,-99999,-99999,-9999,-999, 3230806, -9135118,185450,43782,   47, 5708,    7
 56549.700,  7328,20749,20849,-99999,-99999,-99999,-9999,-999, 3230914, -9134944,185450,43781,   51, 5708,   10
 56550.700,  7329,20750,20838,-99999,-99999,-99999,-9999,-999, 3231012, -9134787,185450,43782,   51, 5707,   12
 56551.700,  7326,20748,20839,-99999,-99999,-99999,-9999,-999, 3231129, -9134638,185431,43782,   46, 5708,   12
 56552.700,  7327,20749,20830,-99999,-99999,-99999,-9999,-999, 3231226, -9134498,185431,43783,   45, 5708,   16
 56553.700,  7328,20751,20812,-99999,-99999,-99999,-9999,-999, 3231322, -9134358,185431,43785,   44, 5709,   16
 56554.700,  7327,20750,20808,-99999,-99999,-99999,-9999,-999, 3231469, -9134030,185408,43785,   48, 5714,   16
 56555.700,  7326,20750,20805,-99999,-99999,-99999,-9999,-999, 3231557, -9133919,185406,43786,   47, 5714,   15
 56556.700,  7324,20749,20800,-99999,-99999,-99999,-9999,-999, 3231665, -9133747,185406,43787,   48, 5715,   12
 56557.700,  7325,20749,20785,-99999,-99999,-99999,-9999,-999, 3231773, -9133574,185405,43787,   49, 5716,   10
 56558.700,  7324,20750,20780,-99999,-99999,-99999,-9999,-999, 3231878, -9133410,185402,43790,   51, 5717,    7
 56559.700,  7324,20749,20773,-99999,-99999,-99999,-9999,-999, 3231986, -9133237,185401,43789,   54, 5717,    7
 56560.700,  7323,20749,20773,-99999,-99999,-99999,-9999,-999, 3232094, -9133065,185400,43789,   53, 5717,    6
 56561.700,  7323,20749,20767,-99999,-99999,-99999,-9999,-999, 3232201, -9132893,185400,43789,   46, 5717,    5
 56562.700,  7323,20750,20759,-99999,-99999,-99999,-9999,-999, 3232309, -9132720,185400,43790,   42, 5716,    5
 56563.700,  7324,20750,20753,-99999,-99999,-99999,-9999,-999, 3232416, -9132550,185398,43790,   41, 5716,    3
 56564.700,  7323,20749,20752,-99999,-99999,-99999,-9999,-999, 3232523, -9132379,185402,43791,   44, 5715,    3
 56565.700,  7323,20748,20751,-99999,-99999,-99999,-9999,-999, 3232631, -9132207,185402,43788,   48, 5714,    2
 56566.700,  7322,20748,20748,-99999,-99999,-99999,-9999,-999, 3232739, -9132035,185401,43789,   46, 5714,    0
 56567.700,  7322,20750,20742,-99999,-99999,-99999,-9999,-999, 3232846, -9131862,185401,43792,   42, 5714,    2
 56568.700,  7323,20750,20735,-99999,-99999,-99999,-9999,-999, 3232952, -9131694,185403,43792,   43, 5713,    4
 56569.700,  7322,20749,20736,-99999,-99999,-99999,-9999,-999, 3233060, -9131523,185406,43791,   44, 5711,    7
 56570.700,  7321,20750,20735,-99999,-99999,-99999,-9999,-999, 3233167, -9131352,185408,43793,   43, 5710,    4
 56571.700,  7321,20750,20730,-99999,-99999,-99999,-9999,-999, 3233275, -9131180,185408,43795,   47, 5710,    2
