flight/ER2/SEAC4RS-MMS-1HZ_ER2_20130801_RA.ict
49, 1001                                                                                                                                                                                                
Bui, T. Paul                                                                                                                                                                                            
NASA Ames Research Center                                                                                                                                                                               
MMS - Meteorological Measurement System                                                                                                                                                                 
SEAC4RS                                                                                                                                                                                                 
1, 1                                                                                                                                                                                                    
2013, 08, 01, 2013, 08, 04                                                                                                                                                                              
-1                                                                                                                                                                                                      
TIME_UTC, seconds, elapsed time from 0000 UTC                                                                                                                                                           
15                                                                                                                                                                                                      
0.01, 0.01, 0.01, 0.01, 0.01, 0.001, 0.01, 0.01, 0.00001, 0.00001, 0.1, 0.01, 0.01, 0.01, 0.01                                                                                                          
-99999, -9999, -9999, -99999, -99999, -99999, -9999, -999, -9999999, -99999999, -99999, -9999, -9999, -9999, -9999                                                                                      
P, hPa, Static Pressure                                                                                                                                                                                 
T, K, Static Temperature                                                                                                                                                                                
TAS, m/s, True Air Speed                                                                                                                                                                                
U, m/s, E-W Horizontal Wind Speed                                                                                                                                                                       
[...]
DM_CONTACT_INFO: Jon Dean-Day, Bay Area Environmental Research Institute, 596 First St.                                                                                                                 
West, Sonoma, CA, 95476; email: jonathan.m.dean-day@nasa.gov                                                                                                                                            
PROJECT_INFO: SEAC4RS mission August 1 - September 30, 2013; Houston, TX                                                                                                                                
OTHER_COMMENTS:                                                                                                                                                                                         
..\cv\e_130801.cva                                                                                                                                                                                      
REVISION: RA                                                                                                                                                                                            
RA: FIELD DATA                                                                                                                                                                                          
TIME_UTC, P, T, TAS, U, V, W, TEDR, REYN, G_LAT, G_LONG, G_ALT, POT, ROLL, HDG, PITCH                                                                                                                   
[from data line 9858]
 87043.650, 55711,27440,11723,  1052,   220, -1983,-1087, 564, 3509422,-11822554, 50498,32432,  -26,18132, -768
 87044.650, 55833,27456,11736,  1055,   228, -1810, -897, 564, 3509319,-11822544, 50322,32431,  -12,18143, -770
 87045.650, 55949,27472,11744,  1035,   237, -1877, -884, 564, 3509216,-11822535, 50147,32430,   19,18154, -771
 87046.650, 56067,27489,11737,  1027,   227, -1861, -863, 563, 3509113,-11822526, 49971,32431,   63,18139, -774
 87047.650, 56188,27506,11751,  1019,   238, -1737, -942, 563, 3509011,-11822516, 49795,32430,   83,18126, -773
 87048.650, 56304,27521,11764,  1039,   249, -1712, -975, 564, 3508908,-11822507, 49620,32429,  104,18127, -780
 87049.650, 56424,27536,11765,  1037,   250, -1786, -833, 564, 3508805,-11822498, 49444,32428,  119,18142, -782
 87050.650, 56546,27552,11758,  1023,   240, -1667, -859, 564, 3508712,-11822489, 49338,32427,  153,18161, -776
 87051.650, 56665,27567,11761,  1022,   244, -1718, -881, 564, 3508628,-11822482, 49273,32424,  182,18162, -771
 87052.650, 56782,27582,11767,  1023,   249, -1595, -943, 564, 3508552,-11822474, 49234,32422,  202,18166, -762
 87053.650, 56898,27598,11766,  1037,   249, -1578, -715, 564, 3508314,-11822448, 49201,32422,  229,18186, -763
 87054.650, 57018,27612,11767,  1034,   252, -1510, -893, 564, 3508216,-11822437, 49186,32420,  208,18207, -749
 87055.650, 57133,27627,11769,  1038,   259, -1302, -829, 564, 3508149,-11822435, 49164,32419,  164,18233, -735
 87056.650, 57245,27641,11757,  1029,   252, -1123,-1174, 564, 3508049,-11822426, 49149,32417,  154,18242, -724
 87057.650, 57353,27655,11744,  1029,   245,  -966, -879, 564, 3507950,-11822417, 49134,32416,  138,18243, -719
 87058.650, 57461,27668,11734,  1035,   243,  -761, -869, 564, 3507850,-11822409, 49118,32414,  121,18249, -713
 87059.650, 57565,27682,11723,  1043,   240,  -639, -880, 564, 3507751,-11822399, 49103,32413,  114,18259, -710
 87060.650, 57667,27695,11709,  1038,   236,  -474, -929, 564, 3507652,-11822391, 49088,32412,  107,18273, -704
 87061.650, 57771,27709,11693,  1025,   229,  -348, -888, 564, 3507552,-11822383, 49072,32411,  104,18273, -707
 87062.650, 57869,27722,11683,  1016,   225,  -300, -957, 564, 3507462,-11822374, 49063,32412,  102,18271, -696
 87063.650, 57967,27736,11687,  1030,   230,  -215, -943, 564, 3507316,-11822383, 48901,32412,   42,18276, -697
 87064.650, 58065,27749,11682,  1030,   219,  -152,-1172, 564, 3507253,-11822377, 48545,32411,   -9,18292, -666
 87065.650, 58152,27756,11684,   999,   217,  -364,-1071, 563, 3507164,-11822379, 48168,32406,  -43,18295, -707
 87066.650, 58262,27767,11673,   982,   205,  -480,-1021, 563, 3507075,-11822371, 47979,32401,  -69,18274, -680
 87067.650, 58366,27773,11674,   956,   222,  -351,-1024, 561, 3506969,-11822364, 47669,32391, -105,18240, -633
 87068.650, 58458,27778,11673,   944,   245,  -342,-1010, 561, 3506866,-11822356, 47450,32383, -162,18216, -603
 87069.650, 58540,27776,11673,   922,   279,  -406, -868, 561, 3506764,-11822344, 47272,32367, -241,18182, -565
 87070.650, 58623,27776,11644,   907,   292,  -286, -950, 560, 3506661,-11822336, 47080,32354, -289,18145, -545
 87071.650, 58694,27769,11630,   924,   313,  -466, -880, 561, 3506560,-11822325, 46934,32335, -308,18114, -554
 87072.650, 58776,27762,11593,   939,   313,  -581,-1002, 561, 3506460,-11822316, 46817,32314, -312,18086, -553
 87073.650, 58859,27754,11580,   975,   339,  -777, -864, 564, 3506354,-11822306, 46635,32291, -204,18075, -546
 87074.650, 58940,27737,11566,   978,   357,  -847,-1052, 564, 3506251,-11822296, 46469,32259, -131,18074, -545
 87075.650, 59024,27733,11501,   942,   331,  -724, -957, 563, 3506149,-11822287, 46311,32242,  -67,18062, -545
 87076.650, 59105,27742,11472,   929,   335,  -740, -873, 563, 3506049,-11822276, 46163,32240,  -26,18040, -551
 87077.650, 59189,27751,11432,   933,   328,  -593, -973, 562, 3505951,-11822264, 46038,32237,    8,18013, -565
 87078.650, 59269,27761,11404,   955,   332,  -626, -940, 563, 3505853,-11822253, 45949,32236,   24,18014, -584
 87079.650, 59361,27774,11373,   959,   325,  -547, -909, 563, 3505754,-11822241, 45839,32237,    8,18035, -572
 87080.650, 59444,27782,11349,   951,   332,  -353, -992, 563, 3505651,-11822230, 45681,32233,    9,18045, -570
 87081.650, 59524,27790,11326,   939,   335,  -382, -941, 563, 3505552,-11822218, 45557,32230,   22,18035, -576
 87082.650, 59608,27799,11303,   933,   339,  -331, -916, 563, 3505452,-11822206, 45402,32227,   30,18019, -583
 87083.650, 59690,27808,11289,   915,   353,  -425, -927, 562, 3505352,-11822196, 45261,32225,   37,18010, -591
 87084.650, 59777,27818,11256,   907,   342,  -390, -853, 562, 3505254,-11822184, 45165,32223,   47,18005, -608
 87085.650, 59860,27830,11232,   904,   339,  -447, -867, 562, 3505156,-11822173, 45081,32224,   32,18001, -643
 87086.650, 59952,27843,11206,   907,   327,  -681,-1056, 561, 3505058,-11822162, 44984,32225,   24,18002, -663
 87087.650, 60054,27869,11199,   876,   329,  -658, -931, 560, 3504960,-11822151, 44887,32239,   21,17999, -670
 87088.650, 60153,27892,11201,   888,   339,  -509, -869, 560, 3504862,-11822139, 44790,32252,   22,18002, -687
 87089.650, 60254,27912,11189,   856,   332,  -536, -807, 560, 3504764,-11822128, 44694,32259,   34,18050, -693
 87090.650, 60358,27913,11187,   794,   334,  -309,-1227, 558, 3504669,-11822118, 44693,32244,   80,17969, -681
 87091.650, 60454,27911,11172,   900,   326,  -203, -987, 561, 3504580,-11822108, 44638,32227,   88,17923, -695
 87092.650, 60551,27920,11184,   939,   345,  -334, -834, 562, 3504492,-11822098, 44583,32223,   55,17967, -693
 87093.650, 60648,27931,11187,   929,   357,  -512,-1072, 563, 3504397,-11822080, 44569,32221,   55,18048, -694
 87094.650, 60750,27944,11171,   879,   349,  -734, -825, 562, 3504316,-11822065, 44552,32220,   71,18056, -695
 87095.650, 60856,27957,11141,   855,   325,  -635, -924, 560, 3504235,-11822050, 44537,32220,   82,18007, -680
 87096.650, 60951,27969,11133,   877,   325,  -756, -895, 561, 3504152,-11822034, 44518,32219,   68,17975, -705
 87097.650, 61062,27981,11104,   906,   300,  -745, -943, 561, 3504069,-11822018, 44499,32216,   64,17987, -685
 87098.650, 61164,27995,11084,   905,   287,  -664, -888, 561, 3503994,-11822003, 44488,32217,   47,18025, -674
 87099.650, 61263,28004,11087,   885,   298,  -721, -918, 561, 3503926,-11821990, 44481,32213,   45,18035, -670
 87100.650, 61359,28015,11095,   857,   318,  -886, -984, 560, 3503865,-11821978, 44476,32211,   64,18017, -669
 87101.650, 61459,28027,11097,   861,   331, -1008,-1002, 560, 3503809,-11821967, 44474,32209,   42,17998, -666
 87102.650, 61561,28038,11088,   879,   336, -1120, -846, 561, 3503759,-11821957, 44472,32206,   16,17995, -660
 87103.650, 61659,28048,11083,   874,   344, -1237,-1039, 560, 3503579,-11821842, 44484,32204,    3,18004, -653
 87104.650, 61760,28054,11071,   852,   346, -1472, -883, 560, 3503512,-11821814, 44484,32196,    7,18010, -651
 87105.650, 61864,28059,11039,   886,   327, -1436, -766, 561, 3503444,-11821784, 44485,32185,   42,17996, -651
 87106.650, 61970,28065,10976,   926,   270, -1202, -820, 562, 3503373,-11821752, 44485,32176,   49,17993, -654
 87107.650, 62069,28074,10956,   931,   261, -1332, -744, 562, 3503303,-11821720, 44485,32173,   68,18019, -657
 87108.650, 62173,28081,10936,   931,   249, -1139, -798, 563, 3503239,-11821692, 44485,32165,   82,18041, -659
 87109.650, 62267,28094,10957,   912,   275, -1141, -868, 563, 3503181,-11821666, 44485,32166,   99,18040, -695
 87110.650, 62378,28105,10955,   918,   278, -1424, -872, 562, 3503129,-11821643, 44486,32162,  112,18026, -710
 87111.650, 62499,28110,10920,   962,   242,  -987, -883, 564, 3503082,-11821622, 44486,32150,  108,18031, -665
 87112.650, 62593,28120,10943,   981,   271,  -849,-1069, 564, 3503039,-11821602, 44486,32148,   90,18066, -673
 87113.650, 62693,28125,10940,   971,   279,  -986,-1137, 565, 3502870,-11821482, 44486,32139,   54,18096, -656
 87114.650, 62794,28139,10953,   960,   296,  -596, -900, 565, 3502828,-11821463, 44486,32140,   24,18097, -669
 87115.650, 62890,28157,10952,   957,   302,  -703, -929, 565, 3502774,-11821434, 44486,32146,   37,18074, -697
 87116.650, 62996,28176,10937,   961,   289,  -622, -980, 565, 3502707,-11821392, 44487,32152,   54,18059, -712
 87117.650, 63103,28181,10903,   979,   255,  -570,-1009, 564, 3502640,-11821350, 44487,32143,   28,18064, -701
 87118.650, 63203,28189,10885,   979,   241,  -845,-1053, 564, 3502580,-11821313, 44487,32138,   25,18080, -718
 87119.650, 63317,28196,10875,   976,   231,  -614,-1062, 565, 3502525,-11821279, 44487,32128,   42,18089, -680
 87120.650, 63415,28198,10882,   955,   243,  -582, -897, 564, 3502477,-11821250, 44487,32117,   63,18078, -676
 87121.650, 63520,28209,10858,   950,   227,  -751, -821, 564, 3502432,-11821222, 44487,32114,   74,18063, -641
 87122.650, 63622,28213,10825,   990,   215,  -630, -887, 565, 3502387,-11821194, 44487,32105,   72,18060, -545
 87123.650, 63699,28226,10826,   998,   245,  -600, -958, 565, 3501761,-11822180, 44486,32108,   68,18079, -521
 87124.650, 63775,28239,10803,   985,   251,  -559, -959, 565, 3501693,-11822201, 44486,32112,   81,18106, -500
 87125.650, 63844,28251,10779,   966,   265,  -601, -894, 565, 3501556,-11822060, 44487,32116,  110,18104, -521
 87126.650, 63923,28250,10757,   974,   271,  -684, -924, 566, 3501466,-11822059, 44487,32103,  129,18093, -524
 87127.650, 64005,28248,10719,  1004,   262,  -587,-1010, 566, 3501376,-11822058, 44488,32089,  128,18096, -519
 87128.650, 64082,28258,10689,  1009,   266,  -792,-1173, 566, 3501286,-11822057, 44488,32090,  135,18121, -513
 87129.650, 64161,28256,10670,  1007,   272,  -765, -913, 566, 3501196,-11822056, 44488,32076,  142,18146, -508
 87130.650, 64238,28252,10672,   990,   315,  -975, -862, 567, 3501114,-11822055, 44488,32060,  147,18158, -496
 87131.650, 64316,28255,10650,   965,   325, -1180, -989, 566, 3501041,-11822055, 44488,32052,  162,18155, -484
 87132.650, 64393,28259,10620,   971,   333, -1193, -904, 566, 3500974,-11822054, 44488,32046,  180,18147, -484
 87133.650, 64470,28258,10604,   978,   348, -1207, -992, 567, 3500913,-11822052, 44488,32034,  181,18154, -486
 87134.650, 64548,28263,10570,   965,   348, -1176, -969, 566, 3500765,-11821974, 44489,32029,  178,18177, -498
 87135.650, 64628,28271,10536,   953,   343, -1244,-1061, 565, 3500691,-11821957, 44489,32027,  190,18188, -501
 87136.650, 64708,28279,10506,   959,   342, -1245, -880, 566, 3500613,-11821938, 44489,32024,  196,18197, -510
 87137.650, 64793,28289,10475,   959,   336, -1175, -901, 566, 3500536,-11821919, 44490,32024,  202,18208, -511
 87138.650, 64875,28295,10432,   946,   319, -1150, -841, 565, 3500466,-11821901, 44490,32019,  204,18227, -518
 87139.650, 64955,28297,10397,   936,   309, -1193, -993, 565, 3500403,-11821886, 44490,32010,  210,18237, -525
 87140.650, 65041,28310,10381,   929,   313, -1223, -924, 565, 3500346,-11821872, 44490,32012,  225,18248, -525
 87141.650, 65128,28324,10385,   937,   342, -1126, -784, 565, 3500295,-11821859, 44490,32016,  239,18259, -506
 87142.650, 65217,28336,10361,   968,   339, -1029, -829, 566, 3500248,-11821848, 44490,32016,  239,18279, -462
 87143.650, 65295,28346,10317,   962,   341,  -799, -977, 566, 3500088,-11821744, 44491,32017,  249,18326, -369
 87144.650, 65352,28354,10279,   952,   340,  -503, -943, 566, 3500031,-11821722, 44491,32018,  261,18348, -345
 87145.650, 65404,28360,10226,   953,   342,  -524, -968, 566, 3499967,-11821692, 44491,32018,  266,18368, -303
 87146.650, 65453,28368,10175,   947,   343,  -207, -829, 565, 3499901,-11821660, 44491,32020,  251,18380, -282
 87147.650, 65494,28373,10111,   955,   336,  -107, -920, 566, 3499834,-11821628, 44492,32020,  240,18403, -282
 87148.650, 65536,28379,10044,   965,   324,    66, -872, 566, 3499774,-11821599, 44492,32020,  216,18423, -288
 87149.650, 65574,28382, 9996,   937,   321,    53, -856, 565, 3499719,-11821573, 44492,32019,  203,18451, -342
 87150.650, 65621,28389, 9960,   902,   325,    15, -862, 564, 3499194,-11821704, 43953,32020,  197,18455, -400
 87151.650, 65680,28395, 9929,   893,   318,   -47, -828, 563, 3499012,-11821638, 43063,32018,  184,18451, -441
 87152.650, 65749,28402, 9891,   876,   308,  -365, -877, 562, 3498884,-11821636, 42278,32017,  166,18451, -470
 87153.650, 65831,28412, 9861,   872,   295,  -326,-1007, 562, 3498791,-11821609, 41505,32017,  153,18459, -442
 87154.650, 65899,28420, 9840,   860,   308,  -734, -908, 561, 3498699,-11821592, 40838,32016,  108,18473, -380
 87155.650, 65975,28429, 9783,   851,   295,  -981, -867, 561, 3498620,-11821575, 40331,32016,   41,18479, -244
 87156.650, 66026,28435, 9722,   828,   294,  -445, -851, 560, 3498528,-11821566, 39819,32016,  -31,18477,  -68
 87157.650, 66038,28437, 9670,   835,   332,  -497, -931, 561, 3498441,-11821562, 39674,32017, -120,18452,  -45
 87158.650, 66058,28441, 9586,   844,   331,  -661, -950, 561, 3498355,-11821559, 39529,32018, -190,18434,  -27
 87159.650, 66079,28445, 9490,   827,   320,  -609, -857, 560, 3498269,-11821556, 39385,32019, -255,18406,   65
 87160.650, 66085,28445, 9396,   806,   336,  -488, -869, 560, 3498183,-11821553, 39240,32019, -295,18366,   77
 87161.650, 66092,28447, 9288,   770,   312,  -664, -838, 558, 3498097,-11821550, 39096,32020, -264,18323,   94
 87162.650, 66101,28449, 9177,   748,   308,  -351,-1006, 556, 3498011,-11821546, 38951,32021, -212,18241,  127
 87163.650, 66098,28449, 9090,   761,   316,  -527, -997, 557, 3497933,-11821544, 38863,32021, -194,18201,   67
 87164.650, 66114,28451, 8987,   777,   298,  -633, -910, 557, 3497807,-11821527, 39011,32021, -176,18178,  121
 87165.650, 66121,28452, 8894,   793,   302,  -448, -846, 558, 3497739,-11821518, 38989,32022, -196,18184,  107
 87166.650, 66128,28455, 8812,   794,   295,  -607,-1046, 558, 3497661,-11821512, 38965,32024, -215,18194,   98
 87167.650, 66140,28456, 8723,   764,   299,  -499, -870, 557, 3497581,-11821506, 38940,32023, -189,18171,   86
 87168.650, 66154,28457, 8628,   730,   278,  -535, -821, 556, 3497502,-11821501, 38915,32023, -172,18116,   76
 87169.650, 66171,28458, 8538,   735,   261,  -493,-1098, 555, 3497423,-11821495, 38890,32022, -189,17991,  103
 87170.650, 66186,28458, 8442,   763,   250,  -344,-1034, 556, 3497361,-11821481, 38889,32019, -159,17935,  144
 87171.650, 66194,28452, 8351,   780,   227,  -246, -976, 556, 3497285,-11821473, 38865,32012,  -96,17937,  142
 87172.650, 66202,28446, 8274,   805,   238,  -385, -956, 557, 3497209,-11821466, 38841,32003,  -80,17977,  151
 87173.650, 66213,28445, 8195,   802,   229,  -318,-1059, 557, 3497144,-11821453, 38831,32001,  -52,18002,  165
 87174.650, 66222,28440, 8127,   790,   237,  -210, -916, 557, 3497072,-11821443, 38812,31995,  -68,18006,  154
 87175.650, 66224,28434, 8068,   771,   258,   291,-1069, 557, 3497007,-11821431, 38793,31987,  -37,17983,   83
 87176.650, 66221,28430, 8037,   768,   283,   375, -930, 558, 3496934,-11821421, 38770,31984,  -50,17937,  -10
 87177.650, 66218,28428, 7990,   800,   309,   170, -880, 559, 3496862,-11821411, 38747,31981,  -54,17908,  -62
 87178.650, 66218,28424, 7935,   821,   307,  -180,-1020, 559, 3496790,-11821402, 38724,31977,  -40,17922,  -75
 87179.650, 66233,28421, 7871,   828,   308,  -314, -893, 560, 3496717,-11821392, 38700,31971,  -22,17955,    0
 87180.650, 66238,28414, 7825,   827,   342,  -473, -964, 561, 3496645,-11821382, 38677,31963,   -3,17967,   66
 87181.650, 66236,28410, 7765,   821,   356,  -621, -857, 561, 3496572,-11821373, 38654,31959,   10,17957,  104
 87182.650, 66232,28407, 7696,   839,   384,  -776, -912, 562, 3496507,-11821364, 38640,31956,   14,17938,  137
 87183.650, 66227,28406, 7606,   849,   376,  -843, -937, 562, 3496447,-11821342, 38664,31956,   16,17946,  148
 87184.650, 66223,28406, 7521,   847,   376,  -948,-1040, 562, 3496395,-11821332, 38660,31956,   17,17972,  149
