flight/ER2/SEAC4RS-MMS-1HZ_ER2_20130821_RA.ict
49, 1001                                                                                                                                                                                                
Bui, T. Paul                                                                                                                                                                                            
NASA Ames Research Center                                                                                                                                                                               
MMS - Meteorological Measurement System                                                                                                                                                                 
SEAC4RS                                                                                                                                                                                                 
1, 1                                                                                                                                                                                                    
2013, 08, 21, 2013, 08, 21                                                                                                                                                                              
-1                                                                                                                                                                                                      
TIME_UTC, seconds, elapsed time from 0000 UTC                                                                                                                                                           
15                                                                                                                                                                                                      
0.01, 0.01, 0.01, 0.01, 0.01, 0.001, 0.01, 0.01, 0.00001, 0.00001, 0.1, 0.01, 0.01, 0.01, 0.01                                                                                                          
-99999, -9999, -9999, -99999, -99999, -99999, -9999, -999, -9999999, -99999999, -99999, -9999, -9999, -9999, -9999                                                                                      
P, hPa, Static Pressure                                                                                                                                                                                 
T, K, Static Temperature                                                                                                                                                                                
TAS, m/s, True Air Speed                                                                                                                                                                                
U, m/s, E-W Horizontal Wind Speed                                                                                                                                                                       
[...]
DM_CONTACT_INFO: Jon Dean-Day, Bay Area Environmental Research Institute, 596 First St.                                                                                                                 
West, Sonoma, CA, 95476; email: jonathan.m.dean-day@nasa.gov                                                                                                                                            
PROJECT_INFO: SEAC4RS mission August 1 - September 30, 2013; Houston, TX                                                                                                                                
OTHER_COMMENTS:                                                                                                                                                                                         
..\cv\e_130821.cva                                                                                                                                                                                      
REVISION: RA                                                                                                                                                                                            
RA: Preliminary FIELD DATA, Not funded for 3D Winds                                                                                                                                                     
TIME_UTC, P, T, TAS, U, V, W, TEDR, REYN, G_LAT, G_LONG, G_ALT, POT, ROLL, HDG, PITCH                                                                                                                   
[from data line 19429]
 74079.950,  6953,20672,19956,-99999,-99999,-99999,-9999,-999, 2878003, -8975204,188544,44277, 1732,28721,  -24
 74080.950,  6952,20672,19949,-99999,-99999,-99999,-9999,-999, 2878046, -8975413,188547,44280, 1704,28794,  -21
 74081.950,  6949,20671,19952,-99999,-99999,-99999,-9999,-999, 2878093, -8975621,188549,44284, 1656,28892,  -21
 74082.950,  6946,20669,19953,-99999,-99999,-99999,-9999,-999, 2878142, -8975830,188552,44284, 1624,28955,  -26
 74083.950,  6942,20665,19953,-99999,-99999,-99999,-9999,-999, 2878194, -8976036,188558,44283, 1589,29045,  -38
 74084.950,  6940,20666,19951,-99999,-99999,-99999,-9999,-999, 2878249, -8976242,188564,44289, 1566,29105,  -46
 74085.950,  6937,20667,19954,-99999,-99999,-99999,-9999,-999, 2878306, -8976447,188570,44296, 1533,29191,  -59
 74086.950,  6937,20669,19950,-99999,-99999,-99999,-9999,-999, 2878365, -8976650,188576,44300, 1509,29251,  -67
 74087.950,  6936,20669,19960,-99999,-99999,-99999,-9999,-999, 2878426, -8976853,188581,44302, 1510,29341,  -74
 74088.950,  6939,20672,19955,-99999,-99999,-99999,-9999,-999, 2878490, -8977056,188584,44305, 1621,29397,  -76
 74089.950,  6941,20675,19951,-99999,-99999,-99999,-9999,-999, 2878556, -8977257,188586,44308, 1869,29464,  -84
 74090.950,  6940,20674,19970,-99999,-99999,-99999,-9999,-999, 2878623, -8977458,188587,44306, 2063,29529,  -96
 74091.950,  6942,20676,19975,-99999,-99999,-99999,-9999,-999, 2878693, -8977657,188585,44306, 2108,29631, -107
 74092.950,  6948,20680,19980,-99999,-99999,-99999,-9999,-999, 2878766, -8977855,188581,44305, 2104,29714, -108
 74093.950,  6955,20686,19981,-99999,-99999,-99999,-9999,-999, 2878841, -8978053,188574,44303, 2104,29841, -103
 74094.950,  6963,20691,19982,-99999,-99999,-99999,-9999,-999, 2878918, -8978248,188569,44301, 2103,29959,  -88
 74095.950,  6972,20697,19978,-99999,-99999,-99999,-9999,-999, 2878998, -8978441,188562,44299, 2099,30068,  -68
 74096.950,  6977,20702,19982,-99999,-99999,-99999,-9999,-999, 2879081, -8978634,188554,44300, 2094,30204,  -43
 74097.950,  6980,20704,19992,-99999,-99999,-99999,-9999,-999, 2879168, -8978826,188537,44298, 2091,30305,  -27
 74098.950,  6981,20707,20004,-99999,-99999,-99999,-9999,-999, 2879257, -8979015,188517,44302, 2058,30427,  -11
 74099.950,  6982,20708,20003,-99999,-99999,-99999,-9999,-999, 2879350, -8979202,188507,44303, 1980,30538,    3
 74100.950,  6984,20712,19988,-99999,-99999,-99999,-9999,-999, 2879445, -8979387,188489,44307, 1861,30655,   18
 74101.950,  6983,20714,19969,-99999,-99999,-99999,-9999,-999, 2879543, -8979570,188476,44314, 1750,30758,   38
 74102.950,  6986,20721,19918,-99999,-99999,-99999,-9999,-999, 2879644, -8979752,188466,44323, 1644,30861,   67
 74103.950,  6984,20724,19881,-99999,-99999,-99999,-9999,-999, 2879748, -8979930,188459,44332, 1545,30952,   94
 74104.950,  6980,20724,19859,-99999,-99999,-99999,-9999,-999, 2879854, -8980107,188454,44339, 1446,31045,  118
 74105.950,  6974,20723,19826,-99999,-99999,-99999,-9999,-999, 2879962, -8980281,188455,44349, 1376,31104,  126
 74106.950,  6963,20718,19804,-99999,-99999,-99999,-9999,-999, 2880072, -8980454,188455,44359, 1283,31175,  102
 74107.950,  6949,20712,19804,-99999,-99999,-99999,-9999,-999, 2880183, -8980625,188468,44372, 1223,31217,   73
 74108.950,  6939,20710,19787,-99999,-99999,-99999,-9999,-999, 2880296, -8980792,188486,44384, 1158,31276,   38
 74109.950,  6934,20709,19757,-99999,-99999,-99999,-9999,-999, 2880411, -8980958,188501,44391, 1118,31323,    6
 74110.950,  6929,20706,19738,-99999,-99999,-99999,-9999,-999, 2880526, -8981122,188523,44394, 1086,31364,  -31
 74111.950,  6926,20704,19724,-99999,-99999,-99999,-9999,-999, 2880643, -8981285,188539,44397, 1048,31407,  -69
 74112.950,  6926,20700,19695,-99999,-99999,-99999,-9999,-999, 2880761, -8981446,188555,44388, 1013,31445, -108
 74113.950,  6926,20698,19675,-99999,-99999,-99999,-9999,-999, 2880879, -8981605,188570,44385,  988,31480, -144
 74114.950,  6927,20699,19674,-99999,-99999,-99999,-9999,-999, 2880999, -8981763,188582,44382,  957,31515, -183
 74115.950,  6933,20699,19672,-99999,-99999,-99999,-9999,-999, 2881120, -8981920,188588,44374,  919,31556, -206
 74116.950,  6942,20704,19660,-99999,-99999,-99999,-9999,-999, 2881241, -8982076,188589,44366,  889,31594, -217
 74117.950,  6951,20708,19664,-99999,-99999,-99999,-9999,-999, 2881364, -8982231,188587,44359,  860,31634, -230
 74118.950,  6959,20712,19672,-99999,-99999,-99999,-9999,-999, 2881487, -8982384,188575,44352,  824,31671, -243
 74119.950,  6969,20715,19674,-99999,-99999,-99999,-9999,-999, 2881611, -8982536,188567,44340,  785,31716, -254
 74120.950,  6978,20717,19677,-99999,-99999,-99999,-9999,-999, 2881737, -8982688,188541,44330,  758,31746, -260
 74121.950,  6987,20718,19681,-99999,-99999,-99999,-9999,-999, 2881863, -8982839,188512,44315,  731,31780, -267
 74122.950,  6996,20716,19667,-99999,-99999,-99999,-9999,-999, 2881990, -8982990,188476,44295,  701,31811, -272
 74123.950,  7006,20718,19655,-99999,-99999,-99999,-9999,-999, 2882118, -8983139,188435,44280,  665,31846, -277
 74124.950,  7016,20718,19645,-99999,-99999,-99999,-9999,-999, 2882247, -8983287,188400,44262,  643,31868, -279
 74125.950,  7026,20720,19628,-99999,-99999,-99999,-9999,-999, 2882376, -8983435,188349,44248,  610,31898, -277
 74126.950,  7039,20724,19618,-99999,-99999,-99999,-9999,-999, 2882507, -8983583,188296,44233,  587,31920, -264
 74127.950,  7053,20729,19593,-99999,-99999,-99999,-9999,-999, 2882638, -8983729,188240,44218,  561,31946, -234
 74128.950,  7065,20732,19575,-99999,-99999,-99999,-9999,-999, 2882770, -8983875,188178,44204,  538,31965, -214
 74129.950,  7072,20722,19552,-99999,-99999,-99999,-9999,-999, 2882902, -8984020,188120,44171,  510,31983, -196
 74130.950,  7079,20710,19558,-99999,-99999,-99999,-9999,-999, 2883035, -8984165,188054,44134,  479,31998, -179
 74131.950,  7085,20702,19607,-99999,-99999,-99999,-9999,-999, 2883168, -8984310,187996,44106,  451,32009, -167
 74132.950,  7089,20694,19636,-99999,-99999,-99999,-9999,-999, 2883303, -8984453,187931,44081,  421,32028, -162
 74133.950,  7094,20686,19666,-99999,-99999,-99999,-9999,-999, 2883437, -8984595,187867,44055,  404,32044, -159
 74134.950,  7098,20679,19678,-99999,-99999,-99999,-9999,-999, 2883572, -8984737,187806,44033,  391,32066, -158
 74135.950,  7099,20676,19677,-99999,-99999,-99999,-9999,-999, 2883708, -8984879,187744,44025,  382,32079, -165
 74136.950,  7101,20672,19673,-99999,-99999,-99999,-9999,-999, 2883844, -8985019,187685,44012,  365,32095, -181
 74137.950,  7105,20668,19679,-99999,-99999,-99999,-9999,-999, 2883980, -8985160,187627,43995,  348,32110, -191
 74138.950,  7112,20667,19669,-99999,-99999,-99999,-9999,-999, 2884116, -8985299,187567,43982,  338,32123, -199
 74139.950,  7118,20663,19673,-99999,-99999,-99999,-9999,-999, 2884253, -8985439,187508,43963,  330,32139, -208
 74140.950,  7124,20663,19669,-99999,-99999,-99999,-9999,-999, 2884390, -8985578,187452,43951,  321,32156, -218
 74141.950,  7131,20662,19674,-99999,-99999,-99999,-9999,-999, 2884527, -8985716,187390,43940,  310,32175, -229
 74142.950,  7139,20663,19676,-99999,-99999,-99999,-9999,-999, 2884665, -8985855,187327,43926,  301,32188, -235
 74143.950,  7146,20662,19679,-99999,-99999,-99999,-9999,-999, 2884803, -8985993,187287,43913,  287,32205, -242
 74144.950,  7153,20651,19699,-99999,-99999,-99999,-9999,-999, 2884942, -8986132,187246,43876,  276,32218, -246
 74145.950,  7161,20630,19772,-99999,-99999,-99999,-9999,-999, 2885080, -8986270,187206,43819,  266,32236, -249
 74146.950,  7170,20625,19810,-99999,-99999,-99999,-9999,-999, 2885218, -8986408,187165,43791,  264,32246, -249
 74147.950,  7179,20618,19858,-99999,-99999,-99999,-9999,-999, 2885356, -8986546,187125,43761,  262,32256, -250
 74148.950,  7186,20615,19900,-99999,-99999,-99999,-9999,-999, 2885495, -8986683,187130,43743,  256,32262, -248
 74149.950,  7194,20604,19959,-99999,-99999,-99999,-9999,-999, 2885676, -8986846,187109,43705,  263,32268, -244
 74150.950,  7204,20602,19984,-99999,-99999,-99999,-9999,-999, 2885818, -8986984,187085,43683,  294,32275, -240
 74151.950,  7210,20603,20004,-99999,-99999,-99999,-9999,-999, 2885961, -8987120,187071,43676,  315,32283, -240
 74152.950,  7216,20601,20025,-99999,-99999,-99999,-9999,-999, 2886103, -8987258,187052,43661,  327,32293, -239
 74153.950,  7223,20603,20018,-99999,-99999,-99999,-9999,-999, 2886246, -8987395,187034,43653,  343,32304, -237
 74154.950,  7232,20602,20029,-99999,-99999,-99999,-9999,-999, 2886388, -8987532,187011,43636,  349,32314, -237
 74155.950,  7239,20601,20037,-99999,-99999,-99999,-9999,-999, 2886521, -8987641,186930,43621,  327,32330, -239
 74156.950,  7248,20599,20032,-99999,-99999,-99999,-9999,-999, 2886647, -8987767,186858,43601,  307,32341, -238
 74157.950,  7256,20600,20020,-99999,-99999,-99999,-9999,-999, 2886784, -8987898,186783,43589,  294,32352, -238
 74158.950,  7265,20603,19996,-99999,-99999,-99999,-9999,-999, 2886924, -8988031,186706,43581,  286,32359, -238
 74159.950,  7273,20603,19970,-99999,-99999,-99999,-9999,-999, 2887066, -8988164,186626,43567,  263,32368, -240
 74160.950,  7280,20600,19943,-99999,-99999,-99999,-9999,-999, 2887208, -8988296,186544,43548,  246,32372, -240
 74161.950,  7290,20599,19902,-99999,-99999,-99999,-9999,-999, 2887351, -8988429,186460,43529,  229,32376, -242
 74162.950,  7298,20600,19887,-99999,-99999,-99999,-9999,-999, 2887494, -8988561,186374,43517,  222,32380, -244
 74163.950,  7306,20602,19871,-99999,-99999,-99999,-9999,-999, 2887637, -8988692,186286,43508,  207,32388, -248
 74164.950,  7315,20603,19858,-99999,-99999,-99999,-9999,-999, 2887781, -8988824,186198,43494,  196,32394, -250
 74165.950,  7323,20592,19832,-99999,-99999,-99999,-9999,-999, 2887925, -8988955,186109,43458,  182,32400, -252
 74166.950,  7333,20583,19796,-99999,-99999,-99999,-9999,-999, 2888069, -8989086,186019,43423,  174,32401, -253
 74167.950,  7342,20581,19771,-99999,-99999,-99999,-9999,-999, 2888213, -8989217,185928,43403,  168,32402, -257
 74168.950,  7352,20579,19731,-99999,-99999,-99999,-9999,-999, 2888358, -8989348,185836,43383,  160,32403, -259
 74169.950,  7362,20571,19694,-99999,-99999,-99999,-9999,-999, 2888503, -8989479,185743,43349,  155,32405, -261
 74170.950,  7370,20557,19640,-99999,-99999,-99999,-9999,-999, 2888648, -8989609,185651,43306,  147,32409, -264
 74171.950,  7378,20555,19616,-99999,-99999,-99999,-9999,-999, 2888793, -8989739,185558,43287,  135,32417, -268
 74172.950,  7389,20557,19617,-99999,-99999,-99999,-9999,-999, 2888938, -8989869,185470,43273,  127,32425, -269
 74173.950,  7399,20558,19612,-99999,-99999,-99999,-9999,-999, 2889084, -8990000,185377,43260,  124,32430, -270
 74174.950,  7407,20559,19624,-99999,-99999,-99999,-9999,-999, 2889230, -8990130,185282,43247,  117,32441, -271
 74175.950,  7417,20560,19650,-99999,-99999,-99999,-9999,-999, 2889376, -8990260,185187,43234,  111,32450, -272
 74176.950,  7426,20561,19675,-99999,-99999,-99999,-9999,-999, 2889522, -8990390,185093,43220,  105,32461, -271
 74177.950,  7435,20562,19696,-99999,-99999,-99999,-9999,-999, 2889669, -8990520,184999,43208,  100,32466, -270
 74178.950,  7444,20566,19701,-99999,-99999,-99999,-9999,-999, 2889815, -8990650,184904,43200,   96,32473, -269
 74179.950,  7454,20571,19710,-99999,-99999,-99999,-9999,-999, 2889962, -8990780,184811,43193,   97,32477, -268
 74180.950,  7462,20571,19746,-99999,-99999,-99999,-9999,-999, 2890109, -8990911,184718,43181,   96,32481, -267
 74181.950,  7470,20570,19801,-99999,-99999,-99999,-9999,-999, 2890256, -8991040,184625,43166,   92,32485, -264
 74182.950,  7478,20570,19834,-99999,-99999,-99999,-9999,-999, 2890403, -8991171,184534,43153,   83,32491, -260
 74183.950,  7487,20552,19906,-99999,-99999,-99999,-9999,-999, 2890550, -8991300,184443,43100,   73,32499, -254
 74184.950,  7495,20525,19979,-99999,-99999,-99999,-9999,-999, 2890698, -8991430,184353,43031,   64,32511, -245
 74185.950,  7503,20516,19980,-99999,-99999,-99999,-9999,-999, 2890846, -8991561,184265,43000,   64,32529, -239
 74186.950,  7510,20514,19970,-99999,-99999,-99999,-9999,-999, 2890993, -8991690,184179,42983,   66,32544, -234
 74187.950,  7515,20513,19959,-99999,-99999,-99999,-9999,-999, 2891141, -8991821,184094,42972,   67,32559, -231
 74188.950,  7522,20506,19933,-99999,-99999,-99999,-9999,-999, 2891289, -8991950,184011,42947,   61,32569, -228
 74189.950,  7530,20504,19893,-99999,-99999,-99999,-9999,-999, 2891437, -8992081,183931,42929,   56,32584, -224
 74190.950,  7537,20505,19873,-99999,-99999,-99999,-9999,-999, 2891584, -8992211,183852,42920,   61,32595, -222
 74191.950,  7545,20505,19850,-99999,-99999,-99999,-9999,-999, 2891732, -8992341,183774,42907,   68,32606, -225
 74192.950,  7547,20508,19842,-99999,-99999,-99999,-9999,-999, 2891880, -8992471,183699,42910,   64,32614, -228
 74193.950,  7555,20511,19827,-99999,-99999,-99999,-9999,-999, 2892029, -8992600,183625,42903,   59,32621, -228
 74194.950,  7563,20512,19808,-99999,-99999,-99999,-9999,-999, 2892177, -8992731,183552,42893,   56,32625, -229
 74195.950,  7570,20514,19798,-99999,-99999,-99999,-9999,-999, 2892325, -8992861,183481,42885,   51,32632, -231
 74196.950,  7578,20517,19775,-99999,-99999,-99999,-9999,-999, 2892473, -8992991,183422,42878,   47,32634, -233
 74197.950,  7583,20516,19773,-99999,-99999,-99999,-9999,-999, 2892621, -8993121,183351,42868,   38,32637, -235
 74198.950,  7591,20519,19755,-99999,-99999,-99999,-9999,-999, 2892770, -8993251,183279,42863,   37,32640, -236
 74199.950,  7597,20520,19744,-99999,-99999,-99999,-9999,-999, 2892919, -8993381,183206,42853,   38,32643, -239
 74200.950,  7607,20521,19744,-99999,-99999,-99999,-9999,-999, 2893067, -8993511,183149,42841,   38,32646, -242
 74201.950,  7614,20524,19732,-99999,-99999,-99999,-9999,-999, 2893216, -8993641,183077,42836,   37,32648, -245
 74202.950,  7621,20526,19727,-99999,-99999,-99999,-9999,-999, 2893364, -8993771,183008,42829,   39,32650, -246
 74203.950,  7628,20523,19737,-99999,-99999,-99999,-9999,-999, 2893513, -8993901,182939,42810,   38,32654, -247
 74204.950,  7635,20516,19740,-99999,-99999,-99999,-9999,-999, 2893661, -8994030,182869,42785,   37,32659, -249
 74205.950,  7643,20503,19753,-99999,-99999,-99999,-9999,-999, 2893810, -8994160,182800,42745,   30,32669, -250
 74206.950,  7651,20496,19766,-99999,-99999,-99999,-9999,-999, 2893959, -8994290,182744,42718,   26,32681, -247
 74207.950,  7658,20497,19773,-99999,-99999,-99999,-9999,-999, 2894108, -8994420,182688,42707,   31,32690, -245
 74208.950,  7668,20500,19776,-99999,-99999,-99999,-9999,-999, 2894256, -8994550,182619,42698,   37,32698, -244
 74209.950,  7674,20505,19779,-99999,-99999,-99999,-9999,-999, 2894405, -8994680,182550,42699,   33,32700, -245
 74210.950,  7682,20508,19790,-99999,-99999,-99999,-9999,-999, 2894554, -8994811,182494,42694,   24,32701, -241
 74211.950,  7691,20515,19792,-99999,-99999,-99999,-9999,-999, 2894703, -8994940,182427,42693,   28,32700, -238
 74212.950,  7698,20524,19794,-99999,-99999,-99999,-9999,-999, 2894852, -8995071,182373,42700,   33,32698, -237
 74213.950,  7707,20530,19801,-99999,-99999,-99999,-9999,-999, 2895001, -8995201,182305,42699,   34,32695, -236
 74214.950,  7716,20537,19807,-99999,-99999,-99999,-9999,-999, 2895150, -8995332,182238,42700,   31,32694, -235
 74215.950,  7724,20530,19836,-99999,-99999,-99999,-9999,-999, 2895299, -8995462,182170,42672,   29,32692, -234
 74216.950,  7732,20534,19851,-99999,-99999,-99999,-9999,-999, 2895448, -8995592,182104,42668,   29,32690, -233
 74217.950,  7740,20544,19853,-99999,-99999,-99999,-9999,-999, 2895597, -8995722,182039,42676,   23,32684, -230
 74218.950,  7750,20553,19842,-99999,-99999,-99999,-9999,-999, 2895746, -8995853,181975,42680,   21,32682, -229
 74219.950,  7755,20547,19854,-99999,-99999,-99999,-9999,-999, 2895895, -8995983,181908,42658,   20,32682, -228
 74220.950,  7763,20541,19866,-99999,-99999,-99999,-9999,-999, 2896044, -8996113,181855,42634,   21,32686, -225
