flight/ER2/SEAC4RS-MMS-1HZ_ER2_20130814_RA.ict
49, 1001                                                                                                                                                                                                
Bui, T. Paul                                                                                                                                                                                            
NASA Ames Research Center                                                                                                                                                                               
MMS - Meteorological Measurement System                                                                                                                                                                 
SEAC4RS                                                                                                                                                                                                 
1, 1                                                                                                                                                                                                    
2013, 08, 14, 2013, 08, 14                                                                                                                                                                              
-1                                                                                                                                                                                                      
TIME_UTC, seconds, elapsed time from 0000 UTC                                                                                                                                                           
15                                                                                                                                                                                                      
0.01, 0.01, 0.01, 0.01, 0.01, 0.001, 0.01, 0.01, 0.00001, 0.00001, 0.1, 0.01, 0.01, 0.01, 0.01                                                                                                          
-99999, -9999, -9999, -99999, -99999, -99999, -9999, -999, -9999999, -99999999, -99999, -9999, -9999, -9999, -9999                                                                                      
P, hPa, Static Pressure                                                                                                                                                                                 
T, K, Static Temperature                                                                                                                                                                                
TAS, m/s, True Air Speed                                                                                                                                                                                
U, m/s, E-W Horizontal Wind Speed                                                                                                                                                                       
[...]
DM_CONTACT_INFO: Jon Dean-Day, Bay Area Environmental Research Institute, 596 First St.                                                                                                                 
West, Sonoma, CA, 95476; email: jonathan.m.dean-day@nasa.gov                                                                                                                                            
PROJECT_INFO: SEAC4RS mission August 1 - September 30, 2013; Houston, TX                                                                                                                                
OTHER_COMMENTS:                                                                                                                                                                                         
..\cv\e_130814.cva                                                                                                                                                                                      
REVISION: RA                                                                                                                                                                                            
RA: Preliminary FIELD DATA, Not funded for 3D Winds                                                                                                                                                     
TIME_UTC, P, T, TAS, U, V, W, TEDR, REYN, G_LAT, G_LONG, G_ALT, POT, ROLL, HDG, PITCH                                                                                                                   
[from data line 8858]
 65032.800,  7546,20758,20431,-99999,-99999,-99999,-9999,-999, 3698503, -9566651,183428,43434,   32, 4540,   -5
 65033.800,  7546,20760,20430,-99999,-99999,-99999,-9999,-999, 3698636, -9566487,183457,43439,   36, 4539,  -10
 65034.800,  7546,20763,20424,-99999,-99999,-99999,-9999,-999, 3698769, -9566323,183484,43444,   41, 4537,  -15
 65035.800,  7546,20763,20432,-99999,-99999,-99999,-9999,-999, 3698902, -9566159,183511,43445,   45, 4536,  -19
 65036.800,  7546,20763,20437,-99999,-99999,-99999,-9999,-999, 3699035, -9565994,183532,43446,   46, 4536,  -18
 65037.800,  7546,20766,20440,-99999,-99999,-99999,-9999,-999, 3699168, -9565829,183551,43451,   41, 4537,  -17
 65038.800,  7546,20768,20450,-99999,-99999,-99999,-9999,-999, 3699302, -9565665,183569,43455,   40, 4540,  -17
 65039.800,  7546,20769,20455,-99999,-99999,-99999,-9999,-999, 3699435, -9565499,183585,43458,   39, 4539,  -15
 65040.800,  7546,20766,20482,-99999,-99999,-99999,-9999,-999, 3699569, -9565335,183600,43451,   39, 4538,  -10
 65041.800,  7548,20767,20488,-99999,-99999,-99999,-9999,-999, 3699702, -9565170,183616,43450,   38, 4538,    1
 65042.800,  7547,20766,20500,-99999,-99999,-99999,-9999,-999, 3699835, -9565005,183628,43450,   40, 4539,   12
 65043.800,  7545,20765,20510,-99999,-99999,-99999,-9999,-999, 3699969, -9564839,183643,43451,   41, 4539,   18
 65044.800,  7545,20773,20485,-99999,-99999,-99999,-9999,-999, 3700102, -9564674,183657,43469,   45, 4536,   29
 65045.800,  7540,20772,20503,-99999,-99999,-99999,-9999,-999, 3700235, -9564509,183672,43474,   35, 4531,   21
 65046.800,  7539,20770,20503,-99999,-99999,-99999,-9999,-999, 3700369, -9564343,183690,43472,   29, 4529,   29
 65047.800,  7538,20771,20496,-99999,-99999,-99999,-9999,-999, 3700502, -9564177,183704,43473,   37, 4531,   40
 65048.800,  7533,20770,20496,-99999,-99999,-99999,-9999,-999, 3700636, -9564012,183721,43481,   43, 4531,   38
 65049.800,  7530,20762,20509,-99999,-99999,-99999,-9999,-999, 3700770, -9563846,183744,43471,   38, 4531,   34
 65050.800,  7532,20761,20507,-99999,-99999,-99999,-9999,-999, 3700903, -9563681,183756,43465,   37, 4535,   58
 65051.800,  7526,20755,20534,-99999,-99999,-99999,-9999,-999, 3701037, -9563515,183779,43461,   36, 4541,   62
 65052.800,  7521,20752,20544,-99999,-99999,-99999,-9999,-999, 3701170, -9563349,183802,43463,   32, 4545,   76
 65053.800,  7520,20751,20538,-99999,-99999,-99999,-9999,-999, 3701304, -9563183,183826,43465,   23, 4545,   89
 65054.800,  7514,20750,20530,-99999,-99999,-99999,-9999,-999, 3701438, -9563018,183849,43470,   21, 4545,  102
 65055.800,  7509,20749,20514,-99999,-99999,-99999,-9999,-999, 3701571, -9562852,183872,43478,   39, 4545,  102
 65056.800,  7498,20743,20518,-99999,-99999,-99999,-9999,-999, 3701692, -9562702,183886,43484,   42, 4543,   94
 65057.800,  7493,20744,20496,-99999,-99999,-99999,-9999,-999, 3701802, -9562566,183894,43494,   30, 4543,   93
 65058.800,  7489,20744,20479,-99999,-99999,-99999,-9999,-999, 3701901, -9562444,183899,43500,   39, 4543,   93
 65059.800,  7479,20740,20480,-99999,-99999,-99999,-9999,-999, 3701991, -9562332,183902,43507,  -50, 4545,   72
 65060.800,  7479,20738,20457,-99999,-99999,-99999,-9999,-999, 3702071, -9562232,183904,43503,  -53, 4541,   74
 65061.800,  7473,20740,20449,-99999,-99999,-99999,-9999,-999, 3702145, -9562141,183905,43517,  -61, 4535,   63
 65062.800,  7470,20751,20427,-99999,-99999,-99999,-9999,-999, 3702349, -9561973,183878,43546,  -55, 4525,   55
 65063.800,  7465,20762,20409,-99999,-99999,-99999,-9999,-999, 3702430, -9561888,183877,43578,  -37, 4512,   41
 65064.800,  7459,20762,20408,-99999,-99999,-99999,-9999,-999, 3702511, -9561804,183876,43586,  -34, 4494,   10
 65065.800,  7461,20763,20400,-99999,-99999,-99999,-9999,-999, 3702975, -9561122,183873,43587,  -40, 4482,    1
 65066.800,  7464,20776,20378,-99999,-99999,-99999,-9999,-999, 3703100, -9560955,183873,43609,  -22, 4476,    0
 65067.800,  7462,20776,20390,-99999,-99999,-99999,-9999,-999, 3703225, -9560788,183872,43613,  -11, 4469,  -21
 65068.800,  7460,20772,20405,-99999,-99999,-99999,-9999,-999, 3703350, -9560622,183872,43607,  -14, 4466,  -32
 65069.800,  7464,20770,20412,-99999,-99999,-99999,-9999,-999, 3703475, -9560456,183872,43595,  -18, 4464,  -33
 65070.800,  7466,20777,20406,-99999,-99999,-99999,-9999,-999, 3703600, -9560289,183871,43607,  -15, 4464,  -28
 65071.800,  7469,20782,20403,-99999,-99999,-99999,-9999,-999, 3703725, -9560122,183871,43613,   -5, 4464,  -25
 65072.800,  7466,20784,20418,-99999,-99999,-99999,-9999,-999, 3703838, -9559972,183870,43622,   -1, 4462,  -29
 65073.800,  7466,20789,20427,-99999,-99999,-99999,-9999,-999, 3703940, -9559835,183870,43631,   -9, 4461,  -31
 65074.800,  7467,20790,20453,-99999,-99999,-99999,-9999,-999, 3704218, -9559574,183873,43634,   -7, 4461,  -29
 65075.800,  7468,20800,20472,-99999,-99999,-99999,-9999,-999, 3704285, -9559503,183869,43651,   -2, 4458,  -24
 65076.800,  7470,20819,20498,-99999,-99999,-99999,-9999,-999, 3704420, -9559338,183868,43689,    2, 4452,  -15
 65077.800,  7472,20849,20535,-99999,-99999,-99999,-9999,-999, 3704537, -9559190,183868,43749,    2, 4447,   -2
 65078.800,  7472,20861,20573,-99999,-99999,-99999,-9999,-999, 3704672, -9559024,183868,43773,    8, 4436,   15
 65079.800,  7470,20865,20606,-99999,-99999,-99999,-9999,-999, 3704807, -9558859,183867,43785,   10, 4430,   33
 65080.800,  7469,20871,20637,-99999,-99999,-99999,-9999,-999, 3704935, -9558690,183894,43800,    5, 4429,   53
 65081.800,  7467,20878,20665,-99999,-99999,-99999,-9999,-999, 3705071, -9558524,183894,43817,    3, 4430,   81
 65082.800,  7463,20882,20664,-99999,-99999,-99999,-9999,-999, 3705206, -9558358,183895,43833,    3, 4434,  107
 65083.800,  7455,20879,20684,-99999,-99999,-99999,-9999,-999, 3705341, -9558193,183896,43839,    3, 4434,  116
 65084.800,  7450,20879,20669,-99999,-99999,-99999,-9999,-999, 3705476, -9558026,183896,43848,    0, 4431,  132
 65085.800,  7442,20876,20676,-99999,-99999,-99999,-9999,-999, 3705612, -9557861,183897,43855,   -2, 4430,  139
 65086.800,  7433,20877,20674,-99999,-99999,-99999,-9999,-999, 3705734, -9557711,183897,43871,    5, 4432,  145
 65087.800,  7425,20874,20675,-99999,-99999,-99999,-9999,-999, 3705845, -9557575,183898,43878,   11, 4435,  150
 65088.800,  7416,20881,20710,-99999,-99999,-99999,-9999,-999, 3705945, -9557452,183898,43909,    9, 4436,  150
 65089.800,  7412,20882,20726,-99999,-99999,-99999,-9999,-999, 3706036, -9557341,183898,43918,   11, 4436,  171
 65090.800,  7405,20893,20770,-99999,-99999,-99999,-9999,-999, 3706118, -9557241,183898,43953,   10, 4434,  188
 65091.800,  7397,20890,20797,-99999,-99999,-99999,-9999,-999, 3706192, -9557149,183898,43961,    4, 4433,  205
 65092.800,  7389,20887,20826,-99999,-99999,-99999,-9999,-999, 3706259, -9557067,183898,43968,   19, 4432,  237
 65093.800,  7379,20883,20806,-99999,-99999,-99999,-9999,-999, 3706320, -9556993,183898,43977,   20, 4430,  236
 65094.800,  7359,20882,20829,-99999,-99999,-99999,-9999,-999, 3706997, -9556164,183916,44008,    7, 4428,  237
 65095.800,  7352,20876,20909,-99999,-99999,-99999,-9999,-999, 3707015, -9556153,184096,44008,   -4, 4425,  280
 65096.800,  7350,20874,20770,-99999,-99999,-99999,-9999,-999, 3707148, -9555988,184103,44008,    4, 4423,  320
 65097.800,  7316,20877,20902,-99999,-99999,-99999,-9999,-999, 3707280, -9555823,184111,44071,   16, 4421,  259
 65098.800,  7320,20919,20874,-99999,-99999,-99999,-9999,-999, 3707413, -9555657,184118,44154,    8, 4423,  341
 65099.800,  7295,20920,20907,-99999,-99999,-99999,-9999,-999, 3707546, -9555493,184125,44199,   28, 4427,  323
 65100.800,  7283,20928,20837,-99999,-99999,-99999,-9999,-999, 3707679, -9555328,184132,44236,   19, 4428,  333
 65101.800,  7258,20948,20785,-99999,-99999,-99999,-9999,-999, 3707811, -9555163,184139,44321,   18, 4431,  313
 65102.800,  7236,20952,20760,-99999,-99999,-99999,-9999,-999, 3707931, -9555014,184144,44370,   17, 4439,  270
 65103.800,  7228,20977,20691,-99999,-99999,-99999,-9999,-999, 3708040, -9554878,184146,44435,   19, 4446,  264
 65104.800,  7206,20982,20684,-99999,-99999,-99999,-9999,-999, 3708259, -9554614,184361,44484,   23, 4452,  199
 65105.800,  7203,20986,20633,-99999,-99999,-99999,-9999,-999, 3708348, -9554435,184473,44499,   23, 4453,  189
 65106.800,  7195,20988,20625,-99999,-99999,-99999,-9999,-999, 3708420, -9554382,184536,44519,   28, 4450,  153
 65107.800,  7184,20982,20619,-99999,-99999,-99999,-9999,-999, 3708547, -9554220,184547,44523,   27, 4444,  121
 65108.800,  7183,20987,20591,-99999,-99999,-99999,-9999,-999, 3708674, -9554058,184558,44537,   23, 4442,  112
 65109.800,  7181,20994,20570,-99999,-99999,-99999,-9999,-999, 3708815, -9553923,184677,44555,   31, 4438,  101
 65110.800,  7175,20993,20560,-99999,-99999,-99999,-9999,-999, 3708928, -9553756,184832,44564,   42, 4435,   86
 65111.800,  7175,20999,20540,-99999,-99999,-99999,-9999,-999, 3709058, -9553595,184849,44578,   41, 4431,   82
 65112.800,  7174,21003,20521,-99999,-99999,-99999,-9999,-999, 3709189, -9553434,184866,44587,   33, 4427,   85
 65113.800,  7169,21005,20517,-99999,-99999,-99999,-9999,-999, 3709319, -9553273,184883,44598,   36, 4424,   82
 65114.800,  7166,21010,20500,-99999,-99999,-99999,-9999,-999, 3709449, -9553112,184900,44615,   38, 4420,   80
 65115.800,  7164,21014,20478,-99999,-99999,-99999,-9999,-999, 3709573, -9552949,184928,44629,   35, 4419,   79
 65116.800,  7159,21014,20476,-99999,-99999,-99999,-9999,-999, 3709705, -9552789,184945,44637,   30, 4418,   73
 65117.800,  7156,21017,20459,-99999,-99999,-99999,-9999,-999, 3709836, -9552629,184962,44647,   29, 4419,   71
 65118.800,  7154,21019,20446,-99999,-99999,-99999,-9999,-999, 3709966, -9552468,184980,44656,   31, 4419,   73
 65119.800,  7151,21019,20451,-99999,-99999,-99999,-9999,-999, 3710097, -9552307,184997,44662,   33, 4419,   71
 65120.800,  7149,21020,20445,-99999,-99999,-99999,-9999,-999, 3710216, -9552162,185007,44668,   31, 4418,   73
 65121.800,  7147,21022,20439,-99999,-99999,-99999,-9999,-999, 3710323, -9552030,185014,44674,   35, 4415,   74
 65122.800,  7144,21018,20448,-99999,-99999,-99999,-9999,-999, 3710420, -9551912,185018,44672,   40, 4413,   77
 65123.800,  7141,21013,20461,-99999,-99999,-99999,-9999,-999, 3710508, -9551805,185020,44667,   40, 4413,   79
 65124.800,  7141,21013,20458,-99999,-99999,-99999,-9999,-999, 3710587, -9551707,185021,44667,   39, 4416,   94
 65125.800,  7138,21011,20457,-99999,-99999,-99999,-9999,-999, 3711032, -9551187,185107,44668,   38, 4414,  100
 65126.800,  7134,21009,20453,-99999,-99999,-99999,-9999,-999, 3711162, -9551029,185110,44671,   35, 4413,  107
 65127.800,  7129,21008,20442,-99999,-99999,-99999,-9999,-999, 3711291, -9550872,185113,44679,   34, 4412,  110
 65128.800,  7125,21015,20416,-99999,-99999,-99999,-9999,-999, 3711420, -9550714,185116,44701,   31, 4411,  116
 65129.800,  7116,21012,20433,-99999,-99999,-99999,-9999,-999, 3711549, -9550555,185118,44709,   31, 4407,   98
 65130.800,  7111,21015,20438,-99999,-99999,-99999,-9999,-999, 3711614, -9550526,185403,44723,   27, 4404,   93
 65131.800,  7111,21025,20433,-99999,-99999,-99999,-9999,-999, 3711744, -9550366,185412,44747,   22, 4402,  107
 65132.800,  7107,21026,20440,-99999,-99999,-99999,-9999,-999, 3711876, -9550206,185422,44755,   33, 4403,  112
 65133.800,  7102,21029,20442,-99999,-99999,-99999,-9999,-999, 3712006, -9550046,185431,44770,   44, 4402,  109
 65134.800,  7096,21026,20465,-99999,-99999,-99999,-9999,-999, 3712117, -9549877,185516,44775,   36, 4400,  111
 65135.800,  7094,21023,20449,-99999,-99999,-99999,-9999,-999, 3712224, -9549754,185536,44772,   32, 4400,  120
 65136.800,  7090,21027,20435,-99999,-99999,-99999,-9999,-999, 3712354, -9549594,185547,44789,   37, 4403,  127
 65137.800,  7082,21021,20449,-99999,-99999,-99999,-9999,-999, 3712484, -9549433,185558,44790,   39, 4403,  122
 65138.800,  7078,21017,20438,-99999,-99999,-99999,-9999,-999, 3712614, -9549273,185569,44790,   38, 4407,  123
 65139.800,  7074,21015,20424,-99999,-99999,-99999,-9999,-999, 3712761, -9549134,185910,44793,   36, 4408,  123
 65140.800,  7068,21010,20417,-99999,-99999,-99999,-9999,-999, 3712882, -9548970,185988,44791,   29, 4409,  114
 65141.800,  7064,21006,20401,-99999,-99999,-99999,-9999,-999, 3713012, -9548809,186008,44790,   23, 4410,  112
 65142.800,  7061,21009,20392,-99999,-99999,-99999,-9999,-999, 3713143, -9548649,186027,44802,   23, 4411,  108
 65143.800,  7055,21019,20411,-99999,-99999,-99999,-9999,-999, 3713274, -9548490,186046,44835,   36, 4412,  100
 65144.800,  7051,21025,20396,-99999,-99999,-99999,-9999,-999, 3713404, -9548329,186066,44855,   46, 4419,   95
 65145.800,  7048,21030,20395,-99999,-99999,-99999,-9999,-999, 3713535, -9548169,186085,44871,   46, 4425,   92
 65146.800,  7043,21033,20402,-99999,-99999,-99999,-9999,-999, 3713665, -9548009,186104,44887,   40, 4432,   81
 65147.800,  7040,21032,20406,-99999,-99999,-99999,-9999,-999, 3713860, -9547798,186238,44890,   33, 4438,   77
 65148.800,  7038,21033,20405,-99999,-99999,-99999,-9999,-999, 3713980, -9547681,186529,44894,   31, 4438,   80
 65149.800,  7037,21033,20401,-99999,-99999,-99999,-9999,-999, 3714100, -9547540,186721,44898,   37, 4440,   80
 65150.800,  7033,21031,20408,-99999,-99999,-99999,-9999,-999, 3714224, -9547385,186817,44899,   38, 4441,   76
 65151.800,  7029,21029,20417,-99999,-99999,-99999,-9999,-999, 3714356, -9547233,186967,44903,   34, 4445,   77
 65152.800,  7028,21030,20421,-99999,-99999,-99999,-9999,-999, 3714493, -9547080,187162,44908,   33, 4445,   77
 65153.800,  7026,21030,20422,-99999,-99999,-99999,-9999,-999, 3714624, -9546923,187276,44910,   29, 4443,   84
 65154.800,  7025,21031,20413,-99999,-99999,-99999,-9999,-999, 3714757, -9546767,187376,44916,   34, 4444,   90
 65155.800,  7021,21030,20418,-99999,-99999,-99999,-9999,-999, 3714891, -9546611,187491,44920,   46, 4445,   87
 65156.800,  7016,21026,20426,-99999,-99999,-99999,-9999,-999, 3715023, -9546453,187565,44922,   39, 4447,   84
 65157.800,  7014,21029,20414,-99999,-99999,-99999,-9999,-999, 3715155, -9546295,187636,44930,   29, 4448,   85
 65158.800,  7011,21028,20411,-99999,-99999,-99999,-9999,-999, 3715287, -9546137,187684,44932,   31, 4448,   86
 65159.800,  7008,21024,20425,-99999,-99999,-99999,-9999,-999, 3715420, -9545980,187766,44931,   33, 4447,   85
 65160.800,  7005,21024,20425,-99999,-99999,-99999,-9999,-999, 3715552, -9545822,187821,44937,   34, 4447,   85
 65161.800,  7002,21024,20430,-99999,-99999,-99999,-9999,-999, 3715685, -9545663,187888,44941,   31, 4448,   84
 65162.800,  6999,21025,20437,-99999,-99999,-99999,-9999,-999, 3715817, -9545504,187941,44950,   26, 4449,   88
 65163.800,  6996,21024,20447,-99999,-99999,-99999,-9999,-999, 3715949, -9545346,187998,44953,   23, 4449,   93
 65164.800,  6994,21026,20437,-99999,-99999,-99999,-9999,-999, 3716081, -9545188,188053,44961,   25, 4451,   97
 65165.800,  6990,21025,20444,-99999,-99999,-99999,-9999,-999, 3716213, -9545030,188105,44966,   33, 4455,   98
 65166.800,  6986,21026,20443,-99999,-99999,-99999,-9999,-999, 3716345, -9544871,188155,44974,   40, 4459,  101
 65167.800,  6982,21026,20451,-99999,-99999,-99999,-9999,-999, 3716477, -9544712,188199,44984,   40, 4464,  105
 65168.800,  6977,21024,20468,-99999,-99999,-99999,-9999,-999, 3716608, -9544553,188232,44987,   36, 4469,  108
 65169.800,  6975,21027,20458,-99999,-99999,-99999,-9999,-999, 3716739, -9544395,188278,44997,   36, 4476,  113
 65170.800,  6971,21025,20460,-99999,-99999,-99999,-9999,-999, 3716871, -9544235,188310,45000,   38, 4479,  116
 65171.800,  6965,21021,20471,-99999,-99999,-99999,-9999,-999, 3717002, -9544076,188341,45004,   37, 4481,  116
 65172.800,  6961,21019,20479,-99999,-99999,-99999,-9999,-999, 3717134, -9543917,188371,45006,   33, 4482,  120
 65173.800,  6958,21016,20471,-99999,-99999,-99999,-9999,-999, 3717265, -9543758,188400,45007,   32, 4483,  124
